SWAT_LAYOUT_NET 1 49 64 3 3039774559
-0.146022633
0.0964816436
0.0757823959
0.0611115694
-0.0505545028
-0.000505624106
-0.0233512931
-0.0102372896
0.101140499
-0.0466450341
0.0468795709
0.0656737909
0.0412202813
0.15863581
-0.0954532623
-0.0762431845
-0.0938721746
-0.0380056538
0.131879658
0.0851687789
0.0885441303
0.0969997123
0.0167258512
-0.148627847
0.0291820932
-0.049600251
-0.167505324
0.0631372109
0.0657043234
0.133224383
-0.0628585592
0.00792933162
-0.137440145
-0.0816601217
0.0522412695
-0.153299272
-0.0779089481
0.0248110536
0.0464412048
-0.101333328
-0.0488783382
-0.114528626
-0.0351220295
-0.168355778
0.0681040436
-0.0742226988
0.0623255335
0.00334766973
-0.106337711
0.0148016177
0.0509370603
-0.133003742
-0.289697409
0.0679656416
-0.141476005
0.216896847
0.0835778639
-0.112663075
-0.0409302711
0.000520433416
0.0439569093
-0.0214266907
-0.069033958
0.055023998
-0.0473305248
0.0225961506
0.0888947397
0.0372112133
-0.0744560808
0.0590543747
0.11390654
-0.0259615723
-0.0565013774
-0.130738273
-0.0274149273
0.0354435146
-0.0819468275
0.0897019431
-0.164940044
-0.137221277
-0.122970641
0.0886092037
0.0562334433
0.146538839
-0.11677561
-1.2161454
0.209454507
0.139075652
0.131496042
0.0044467249
-0.0206523836
0.0118438248
0.117029667
0.0921981037
-0.029430097
-0.748615205
0.188586801
0.405262053
0.034142334
-0.0857683644
0.0152502907
-0.0249685384
-0.150222883
-0.0450994112
0.0626996681
-0.321129054
0.0153863868
-0.173397899
-0.0795031115
-0.211117417
-0.114077449
-0.0301882867
-0.233729973
-0.0797156766
-0.073294811
0.112527974
-0.0954520702
0.139158726
0.102616102
-0.0984958932
0.131545529
0.11573983
-0.172795042
0.102903843
-0.20156081
0.0913357511
-0.200906515
0.0968050808
-0.145816281
0.158627614
0.0942769796
0.0715930015
0.0520431399
0.161890015
0.0480566099
-0.132881016
-0.0480062924
-0.127276629
-0.293905616
0.00228829146
0.274271816
-0.0694299638
-0.098402597
-0.0543354973
-0.303750515
0.144691989
0.0952183753
0.0595431812
-0.089249149
0.0752706528
0.153717905
-0.222599924
-0.00489525916
-0.0245556608
-0.114010371
0.0297050923
-0.0895408988
0.10687501
-0.198495343
0.0767725259
-0.10765174
-0.168296978
-0.0497738346
-0.0968402401
-0.0939382166
-0.30439496
0.00166003988
-0.106522068
-0.142054796
-0.0368127376
0.09360791
0.142691061
-0.00690439343
0.18286185
0.0770510733
-0.171119347
0.00210116245
-0.0913650617
-0.0410389341
0.0618032068
0.112540044
0.0785513893
-0.144217461
0.227719694
-0.235829383
0.0165870525
-0.187342793
0.172438458
0.111432076
-0.619191587
0.137521684
0.0346407704
0.0693950057
-0.0680897459
0.0299471803
-0.229026332
0.00282172207
-0.190883338
0.00979577657
-0.22174561
-0.0956761912
-0.144768924
-0.205543086
-0.340262622
0.019631546
-0.10208828
-0.252830982
-0.074070394
-0.0186144505
0.000913314521
0.0531272441
0.0790724605
-0.174367562
-0.0144202523
-0.088800922
0.0395091847
0.0753975585
-0.110267073
0.11539799
0.0166340303
0.0348460265
-0.0172699522
0.212489694
-0.199704275
-0.053038545
-0.00412119832
0.00574317295
-0.409807563
-0.100784726
-0.106489629
-0.120790027
0.31258139
0.469812989
-0.520213902
-0.193661332
-0.000930289738
-0.130275533
-0.150444806
0.208911717
0.0409937724
0.080979757
-0.23207058
-0.68417275
0.288649797
0.173256382
-0.0667019412
0.00528209098
0.104750484
-0.110360309
-0.0834461749
-0.0714443401
-0.116791792
-0.0156710315
0.102828212
0.0175392479
0.0439201444
-0.105387099
-0.0645971969
-0.00760304136
0.0486390293
-0.057604216
-0.013177596
-0.0454817079
0.113180041
-0.0382503457
-0.145576283
0.098920159
0.0800892189
0.181044936
0.0432007983
0.0457544178
0.0187347811
-0.076511547
0.106277928
-0.132223174
0.0775944144
-0.014252482
-0.140480861
0.00770327915
0.118980452
-7.86518358e-05
0.1424108
0.0735007524
-0.0926253647
-0.0120845074
0.109569058
-0.0293579288
-0.0546900965
-0.0851126686
0.0374719054
0.00837267842
-0.0209318828
0.00927745365
-0.0515525974
0.0747060105
-0.0886999071
-0.179843202
0.132832795
0.0248948019
-0.00773202814
0.0109996265
-0.0469004139
-0.0979089364
0.0459208526
-0.0174956825
0.0396489017
0.130923003
0.090518564
0.0641536042
-0.00440625753
0.039627254
-0.018398745
0.0107022785
-0.0510814525
0.0249876324
-0.0422641672
-0.080470033
0.149510205
-0.0128190275
-0.00102898548
-0.00793693308
-0.0826826245
-0.0120891687
0.00431816652
0.129704103
0.0563110411
0.0540262163
-0.0271971077
-0.113362737
0.0874166787
0.13669084
-0.0597087704
-0.00563668413
0.0881927013
-0.129045039
-0.104169801
0.0123267919
-0.0420950279
-0.0871277452
-0.0302988086
-0.104732536
-0.0185222235
0.0303500406
0.130448967
0.0479339659
-0.0750506073
0.140662745
0.0774152353
0.032996133
-0.00288878917
-0.129412398
-0.0940958187
0.0557431094
0.0201857518
-0.0354223177
-0.0426614657
0.0685765594
0.0602046251
-0.0116802575
-0.0901011452
0.0446429476
0.128446996
0.103578515
0.021301426
-0.0897670686
0.141890272
-0.117487073
-0.0167120118
-0.112708852
-0.0115622822
-0.0844470263
0.120631613
0.0457096696
0.056733992
0.00925142597
0.125655383
0.121524528
-0.148630574
0.125807106
-0.00442549353
-0.0827383175
-0.0509865656
-0.146609366
-0.139545321
0.0303829387
0.0348371267
-0.0650250167
0.0588250794
-0.0529603921
0.0134603772
0.0975054651
0.0515864268
0.173639193
-0.0696316957
-0.042541407
0.0888980329
0.0674450174
0.0270301756
0.0497009829
0.0646046698
-0.0664265007
-0.0253383517
0.00385913043
-0.0700322837
-0.0734073073
-0.0639510229
-0.0688779652
-0.0601797923
0.0970248505
0.107281625
0.00431384984
0.10504479
0.0780567303
0.00196380401
-0.0749958828
-0.0434138663
-0.0282679014
0.0122404546
-0.156583935
0.0481799245
0.0649722293
-0.00127036613
-0.100859873
-0.0497164764
0.136789978
0.110099494
-0.129614413
-0.104591824
0.0776851177
-0.0799174905
-0.130393788
-0.0401754305
-0.164037809
0.0496320911
0.236687124
0.0920730904
-0.0749141276
0.048658777
0.0569185317
0.136649579
-0.0463598743
0.0756242499
-0.105550915
-0.070333764
0.0152821001
0.0190469865
-0.0658186823
-0.00166039658
-0.106621116
-0.0277140103
0.0464156568
-0.0704496279
-0.0522320867
-0.0265990607
-0.105899997
0.0763691515
0.0738193467
-0.0454037935
-0.0860978737
-0.0649018288
0.0635674
-0.0289027244
0.113123797
0.120219685
-0.0363140441
-0.0931073055
-0.0315034688
0.0350542665
-0.0523083545
-0.0441871025
-0.0474292226
0.00496932492
0.116272733
0.02550878
0.0882784873
-0.0088859126
0.165003747
0.200072259
-0.128285348
-0.136087701
-0.0732861906
-0.0420421958
-0.0747597367
0.0590343028
0.0669520572
0.152174413
0.0768359303
0.0408722386
-0.0625590235
0.0120845698
0.0482942797
0.0103370138
0.0497024581
-0.119678468
-0.114282727
-0.036337249
0.110541247
0.151169538
0.0648259073
0.0067437822
0.112204254
0.101965405
0.0549317598
0.0286291502
-0.0888660699
-0.0850141719
-0.122496732
0.0753506869
-0.038687475
-0.0572667941
-0.00926513132
0.0754325613
-0.0908817202
0.13049829
0.0925160944
0.130692095
0.0955549106
0.0541073456
0.0732544884
-0.03659904
0.033487048
0.071365267
-0.107074946
-0.0121966517
-0.076316148
0.0258073527
0.0882811248
-0.0381928086
0.00931202341
0.0612179115
0.120962255
0.0276628491
-0.237330809
-0.0889835209
-0.117572062
-0.0555447042
-0.107161701
-0.0820346847
-0.00874564797
-0.121261626
-0.0175511185
0.0963524804
-0.07578706
0.116138533
0.158888862
-0.134581253
-0.0409137458
0.0331499428
0.00170804118
-0.060325902
0.0439965986
0.00942113623
0.0983116701
0.0390869863
-0.0850891843
-0.0754650757
-0.0901462957
0.0685548484
-0.0520786345
-0.161392868
-0.02913942
-0.0679989308
0.0875713006
0.00909558684
-0.0206499863
0.0567758493
-0.0665130317
0.119799085
0.101458594
0.125788674
-0.0715434626
0.0300172232
-0.036247544
0.065075919
-0.00173211272
-0.0686355457
0.00212325086
0.0195932277
-0.018712353
-0.0746649429
0.12662296
0.00405019894
0.121383682
0.110063069
0.0691007227
0.0764316544
0.0581888482
-0.114466846
-0.092214711
-0.0315171182
0.100375384
-0.175413415
-0.0879364759
-0.040698003
-0.136990681
0.0569777675
0.0459896363
-0.0360330716
0.0150623191
-0.112098485
0.122622952
0.0596250631
-0.0972697735
-0.0419683978
-0.0477118455
0.0407584719
0.0351895243
-0.0556001589
0.0485508516
0.0435096659
-0.043992687
0.0712505206
-0.0806363449
-0.107357234
-0.025174858
-0.151749045
-0.112007298
0.083863467
-0.0722812563
-2.20850161e-05
0.133305624
-0.0224520694
0.0851642489
-0.0724429935
-0.0507992208
0.0732365102
0.104773663
-0.0697588548
0.063469097
-0.0663088486
0.10024441
0.0730625093
0.00569748227
0.142701134
0.0701210871
0.0658986941
0.0311050061
-0.0269559901
-0.150540903
-0.153933793
0.119299017
0.120240554
-0.018667005
0.167427585
-0.042674318
0.0474996418
-0.027987659
0.0381201059
0.028596865
-0.0438040234
-0.0497069657
0.0505381264
0.0860020146
-0.0110525051
-0.089663744
-0.0288622808
-0.107198834
-0.0585074835
0.13053821
0.106062137
0.10492719
0.0988757089
0.152207464
-0.032096751
-0.0925095603
-0.106587179
0.204275757
0.108944029
-0.0824173316
-0.103649534
0.0536154024
-0.110765301
-0.165649801
0.14778173
0.0168643314
0.0182701759
-0.0832152814
-0.00857984833
-0.122339562
-0.0501730032
-0.10570319
0.020934945
-0.055839669
0.0097026797
0.0778808817
-0.0798882321
-0.10136161
0.04953181
-0.108104579
-0.0280234925
0.0910007358
0.0305291861
-0.108959667
-0.0138992043
-0.06541574
-0.123301089
0.106331475
-0.129479319
-0.029103132
-0.0372740328
-0.0176112391
-0.0774396062
-0.0753628314
-0.00962780695
-0.129239187
-0.0742859468
0.0397474952
0.0435775258
-0.0653070882
0.168472871
-0.045289766
0.0131431026
0.121978134
0.0358678848
-0.159130827
-0.127352983
-0.11215657
0.0842208192
-0.0759147257
-0.13620913
-0.124438182
0.0752382353
0.139979526
-0.125010744
-0.0566851236
-0.140359387
0.142685667
-0.00636760192
0.0284441188
0.112323403
-0.109229833
-0.0256569162
0.0975765213
0.0256023407
0.122414358
-0.0132492371
0.0684476122
-0.231134817
-0.200881332
0.0118919518
-0.055334352
0.0597178228
-0.0638113096
0.011442937
0.0915980935
-0.13936542
0.0269994009
-0.0964195207
-0.00556583283
-0.0866045728
0.0665607899
-0.0741239786
0.0967230424
-0.0280165765
-0.0776321366
0.0556783155
0.0748640969
-0.0475092568
-0.0503915139
0.0484732762
0.0722457841
-0.104089536
0.152532995
0.150569439
0.169330403
-0.0199001245
-0.0770243183
-0.0387371108
0.0911654979
-0.000825873925
-0.299468786
-0.142187029
0.0824557766
0.11455372
0.0389064997
-0.00875959359
0.088297084
0.139190212
-0.0173762813
0.00925288443
0.00244909851
-0.223291501
0.0618670806
0.0392304733
0.283814132
0.156741247
-0.0363248736
0.198150799
0.0630558655
-0.109916784
0.186395407
0.475461364
0.028799098
0.0832358003
0.371076286
-0.0303998441
0.423613012
-0.0350519493
0.153042823
0.0101091806
0.321159273
0.228371233
0.339684278
-0.0353131332
0.275831908
-0.0481784157
0.244999245
-0.31669113
0.172313467
0.150071561
-0.249003768
0.0172606595
0.170953542
0.0272950754
-0.0886229873
-0.066736944
0.129652888
-0.0694624707
-0.11333628
-0.115506761
-0.337991387
0.396922112
0.120593622
-0.0281735584
0.205102503
0.296456426
0.479228258
0.109282196
-0.054758586
0.0421101861
-0.190811545
-0.165420711
0.322760642
-0.13614659
0.204901963
0.0455426387
-0.0054806238
-0.12171749
-0.0908933952
-0.0639673695
-0.0161223523
0.134961605
0.063458249
0.125463516
-0.0717781931
-0.0101611102
-0.089538984
0.0475597158
0.131728128
0.12433815
-0.0809015781
0.0366595425
0.0628497079
0.130222932
0.0425348245
-0.0431215912
-0.12142276
-0.013980289
0.128716633
-0.0342314728
0.0829481184
-0.0133758243
-0.0524238944
-0.0192033947
-0.0672510937
0.0961409509
0.069792442
0.163507089
0.337047905
-0.114457138
0.0492334366
-0.0725402534
0.0692880005
-0.109303132
0.0283670034
0.0256203171
0.131755963
0.0531828776
0.0614866205
0.137645215
0.193964511
0.144903839
0.105235837
0.0388603732
-0.0804416239
0.0117163165
-0.0133235473
0.0922548473
0.0268651173
0.00914069358
0.011333161
-0.112788111
-0.118147761
0.10306523
-0.0185957085
0.123776883
0.00486859912
-0.116861455
-0.0162106529
-0.0158007629
-0.0191443041
0.0884299204
0.142645508
0.00651944382
-0.0604950637
-0.106445111
0.072989434
0.0247813463
0.0461324491
0.0261387099
0.116862468
0.0117766457
0.097226046
-0.0102261249
-0.118806094
-0.120488785
0.0159345269
-0.0184749756
0.0597606711
0.0740580782
0.0994685888
-0.1172451
0.00626664283
0.0110495798
-0.0229309816
0.0925282985
0.0451022871
0.0582668297
-0.029498497
0.075039275
0.0593274608
-0.103727251
0.074426122
0.0695187226
-0.152695686
0.105277397
0.112923428
-0.163276106
-0.0430989787
-0.087316893
-0.0528044738
-0.0549633652
-0.0215015449
-0.0749679357
-0.0369748101
0.0539569482
0.0522868037
-0.0780204013
-0.0647447333
-0.0887446627
-0.0448839627
-0.141294926
0.0268304627
-0.106036596
-0.0758366063
-0.144970059
0.130228713
0.0316432863
0.0266951919
-0.120148353
0.0084471656
-0.0689883605
0.16324918
-0.125739813
-0.12119212
0.110309072
0.188531175
-0.0622823127
-0.0720502585
-0.0998591855
-0.0404140018
-0.0891475156
-0.0191458482
0.016969569
0.0493627861
0.0360012949
0.0125446254
0.0370190628
0.0381422453
0.0707693323
0.0177724734
0.0195463635
0.0519239567
-0.0417607799
-0.05249485
-0.0617582723
0.0046437867
-0.0728460401
0.0693901479
-0.0489354506
-0.130061671
0.0427703671
-0.0567976087
0.0866655856
-0.100917719
0.101314351
0.00184006349
0.0575661324
0.114166856
0.0835738182
0.0299313944
-0.0490322076
0.150317147
-0.0281199701
0.134026527
-0.115722686
-0.0671461895
0.0213068388
0.147719741
0.18330504
0.0251086056
-0.125053927
-0.0861749649
0.0419698618
-0.0270984694
-0.116850533
0.0276453272
0.154906958
0.0645471364
-0.0966302007
-0.0505363159
-0.0189903043
0.0952922776
-0.147292972
-0.0340866856
-0.106229909
0.0415227078
0.0893134326
0.0521051474
-0.0604687147
0.0683940649
0.0465952866
0.173129231
0.141272902
-0.01710134
0.239851162
-0.193863958
0.0933099613
0.00523459585
0.159673914
0.109104879
0.104952864
-0.0162891727
-0.072525017
0.196395218
-0.124208838
0.0747365505
0.0993519425
-0.0254360083
-0.124621287
0.130593985
0.133911997
-0.0663997009
0.104453459
0.267323405
0.0330193378
0.14230901
-0.105268024
0.0532144941
-0.0165307969
-0.0459698699
0.0102704428
0.0952880606
0.0273222663
-0.376192451
-0.0699860379
0.0177906565
0.076536797
0.0459842645
-0.0151208164
0.0953846201
-0.112540059
0.315089673
-0.188103646
-0.00889932364
-0.0937240943
-0.0618147999
0.120886624
-0.138069913
-0.0904853716
0.108382866
0.0118542053
-0.0797834322
0.177591071
0.120723501
-0.0258331001
0.0613126382
0.0268059727
-0.0701715872
-0.041252967
-0.049631618
0.0601580217
0.0614425279
0.0604978241
-0.0027242098
-0.108090103
-0.0580840707
-0.130638435
-0.021105729
-0.0440347157
-0.0354268216
-0.00885659456
0.0930783227
-0.0982598662
-0.0732535347
-0.0779126436
0.07402201
0.0863078013
0.172279805
0.0784975663
-0.122287877
-0.0356838368
-0.0650140494
-0.233808413
-0.132717088
-0.0237632133
-0.0818328634
0.00192942098
-0.127406627
0.0498474278
0.0307187829
0.081045337
-0.0307779498
-0.0535207875
-0.016857123
-0.0237454399
-0.0854512081
-0.215848714
-0.188928351
0.184763998
0.0980196521
-0.36173889
-0.130595863
-0.287749261
-0.261318356
0.0752993152
-0.239828765
-0.174262598
0.0214764941
-0.0875713378
-0.203894034
-0.183318481
-0.127565175
0.094228074
-0.108995669
-0.323225826
0.00727233384
0.0126375183
-0.326716572
-0.0737912208
-0.144691303
-0.11155995
-0.0435402803
0.0789430961
-0.134791389
-0.0566330776
0.0640041009
0.08103019
0.174954221
-0.0641245395
-0.0961506888
0.044978749
-0.0190361869
0.180442959
-0.137715861
-0.107516624
-0.148699105
0.00346300658
0.251045823
-0.328443855
-0.051118467
-0.150616363
0.166802615
0.0476767421
-0.243875951
-0.0565328486
-0.102879174
0.0724123046
0.0340213776
-0.00683086086
-0.00839327648
0.0474149026
-0.107648484
-0.0831460729
-0.0115877036
-0.00202789321
-0.0620431341
0.0858209953
0.113733716
-0.0544673689
-0.00868468545
-0.11771597
-0.0798447058
-0.00298284623
-0.141267151
0.00569243915
0.0139542203
0.0919470713
0.148167789
-0.0951042697
-0.0957998112
-0.0702446029
0.0703695714
-0.00652412977
0.10062179
-0.0239478555
0.0342485942
0.112115361
-0.11445719
-0.129827961
0.103381149
0.283189744
-0.118158139
-0.0128175011
-0.019395221
-0.0189485215
-0.122930497
-0.156774312
0.117935725
0.0231745262
-0.0348580554
-0.110448785
-0.0132259531
-0.0461502634
-0.0470857993
0.0303876996
0.108530328
0.164254293
-0.0327586755
-0.0979203284
-0.083101958
0.0394513085
0.00947082881
-0.0735214353
0.0238515828
-0.042753689
-0.0333045721
-0.0755313039
0.111709781
0.049075447
0.101517037
0.117639832
0.117637403
-0.0450905822
0.030277472
-0.0701342449
0.083883062
-0.0413225368
-0.0954426229
-0.111361645
-0.0756778419
-0.0685498491
0.0514570065
-0.00457993289
-0.0631808192
-0.0159420446
0.140792698
0.124517664
0.129893601
0.0442801341
0.220166057
-0.128770143
-0.124644585
-0.158881977
0.140412733
-0.129197419
-0.043705292
0.172375187
0.0805030316
-0.0085960431
-0.034968175
0.0258423816
0.134189501
-0.0229494218
-0.0463087484
0.119776748
0.0672309548
0.0983209312
-0.100389026
-0.0512727387
-0.0399979241
-0.105084769
-0.0869858712
-0.126806706
0.0441120788
0.0702912286
-0.0701329336
0.00710004801
-0.0732523054
0.105052315
-0.0698231086
-0.0870808065
0.0624270365
-0.0606775396
-0.122285552
-0.0306716617
-0.0806439891
0.210074261
0.0128719471
0.0724639818
-0.0135911349
-0.0186213497
-0.00440954184
-0.0690032616
-0.0818450004
-0.0771196559
0.131750911
-0.033895392
-0.014093183
-0.00806714408
0.173881918
-0.166019976
0.0117089124
-0.140035823
0.163418829
0.00603039656
-0.242649138
0.0569324717
0.0984705314
-0.0221671276
0.0160977021
-0.0404415205
0.149607569
-0.154197603
0.108972639
0.124980785
-0.20582892
0.170667261
0.183033153
-0.334986806
0.11935737
0.127524093
0.0137060806
0.0433913283
0.116108701
-0.117120057
0.0672246739
-0.0712828115
0.0560225397
-0.016523106
-0.118331559
0.0326328576
-0.0467567667
-0.143284798
-0.129262954
0.0306204781
0.00339798187
0.0175048951
0.211902156
-0.0087956721
0.0974095762
-0.116889186
0.0481603928
0.0206214357
0.08318685
0.00908499118
0.084903501
0.0241529718
0.0163181797
0.211709857
0.0811891779
0.0580356307
0.0652833134
0.142776042
0.00749247801
-0.350625634
0.00599695742
-0.0911179185
0.0122830998
-0.266014367
0.0891038701
0.176559225
0.0115576414
-0.101525255
-0.0758210719
0.0156010324
0.0457124785
0.0219516438
0.182055637
-0.127656922
-0.180136919
-0.0173791032
-0.0358863585
0.100425951
0.131906688
0.03035146
-0.0519839004
-0.0312272906
-0.0648881346
0.0212480463
0.0738482997
-0.00511661172
0.0864602104
0.159676909
0.0938254073
0.151542291
0.0791490227
0.0419962443
-0.0460867248
-0.0977651775
-0.119921908
-0.0707913265
0.101540916
-0.186074913
-0.131936744
0.0441589206
0.00217261817
-0.0505359657
0.221226767
0.00916135963
0.0775266439
-0.0909536183
-0.0511418059
-0.0611820519
-0.0476170182
-0.0319435894
-0.123952575
0.0239769705
-0.145763099
0.0409325324
0.00622390304
-0.178383797
-0.00923882611
0.44614619
-0.0779265985
0.151312813
0.426364481
0.0673668832
0.540736616
0.561869264
0.232668743
0.128654882
0.336547107
0.163302034
0.296229929
0.0282670334
0.212518722
0.0826309398
0.0470215678
0.128302604
0.0836220533
0.0727175698
0.00376927853
-0.0126487371
0.233816981
0.205334872
0.108339138
-0.0699521974
0.180232897
0.133278087
-0.137260869
0.148114324
0.0551390611
0.13956891
0.12465556
0.526280046
-0.254869163
-0.753987849
0.494525611
0.204985186
0.186791942
0.170160487
0.337268114
-0.292342454
0.257226884
0.269506723
-0.0178097486
1.20501745
-0.044036828
-0.30693692
-0.183608443
-0.0786974356
0.00101969764
-0.201115832
-0.124326296
-0.0565699413
-0.218284875
0.0203811992
0.0703091249
-0.0426190831
0.0664619878
0.0812500417
0.0278704464
0.097686708
0.0571112894
-0.0670668557
-0.00335274334
-0.0808053389
0.0854223073
0.0289145056
-0.13340199
-0.0182685424
-0.115914926
0.153067365
-0.0500657335
0.0284168869
0.0685581043
-0.103813812
0.0300742928
0.0019176224
0.143751919
0.138365224
0.0414123386
-0.082170628
0.0082834335
-0.0741889775
-0.0219053943
0.104804799
-0.0935192183
0.140295818
0.114576012
-0.0390338711
0.0374347903
0.0620855913
0.0332617275
0.116524883
0.111875474
0.00781730749
-0.0867435187
0.0634854808
-0.175375238
-0.00298463274
0.0389939174
-0.096611999
0.0744292066
-0.159424931
-0.143963262
-0.00924191624
0.0787892044
0.13241151
-0.262570411
-0.095931299
0.0951866582
-0.0176967438
-0.216950551
-0.156428963
-0.187931404
-0.231201574
0.0354882628
-0.164251715
-0.120414391
0.00528065348
0.128097087
-0.0404377431
-0.0647558123
-0.139959022
-0.187459439
-0.0457778275
-0.00145929051
-0.00112271192
-0.222388029
0.129668742
-0.0769701526
-0.0748694241
-0.132943586
0.159485459
-0.135443941
-0.0836152881
-0.0528280474
-0.0537953638
0.0619299337
-0.304409891
0.196286485
-0.103070535
-0.121819735
-0.0595153719
-0.136180401
-0.234270215
0.0423640087
-0.0226587392
-0.0672462359
-0.0429262333
-0.0163485743
0.0775460154
0.0732960477
-0.101523936
-0.179547623
0.0237778667
-0.0494006537
-0.0460652038
0.0476825088
-0.00539336074
-0.129952297
0.0615878738
0.057370618
-0.123951085
0.1605964
0.130254522
-0.0298333317
-0.108606994
0.147780627
0.0564844646
0.128722966
-0.0272135604
-0.046209693
0.0536580496
-0.135003373
-0.101876199
-0.11699833
0.0516540147
-0.0147014689
0.116297454
-0.0336868986
0.0303224083
0.0616894215
0.0997626856
0.133587092
-0.155254364
-0.0118674459
0.0587766692
0.0744138286
-0.0541944504
-0.153549314
-0.104006842
-0.176408783
-0.00663707918
0.0988301113
0.235866904
0.0985699445
-0.123786435
0.0667165741
0.0211982727
-0.129219964
0.0581840351
0.0713588819
-0.169270843
-0.0671202168
0.114800915
-0.0842468888
-0.0135913659
-0.122645594
0.0762462318
0.0685691759
0.0335550793
-0.000171758933
-0.100655161
0.149926931
-0.189996913
-0.0343273394
-0.0657719895
0.0118272668
-0.0483221561
0.129143253
0.111024834
0.0949183106
0.0135101201
-0.108038791
0.108393066
0.0497661531
-0.0147728072
-0.108818755
0.0417395607
0.38985455
0.11421483
-0.070631288
-0.157545835
0.0293034911
0.056230437
0.147150472
0.00239062123
0.10726399
0.0667252168
0.0921500921
0.0175468698
-0.00881601311
0.247941494
0.579870939
0.0297298189
-0.371872395
-0.0538667142
0.275827795
0.113047197
0.864564419
0.441889793
0.13360779
0.295454383
0.511450589
0.330615669
0.28789705
0.223099872
-0.0265974402
0.141743869
0.171954498
0.139121339
0.111512929
0.107910618
0.156176269
0.139082834
0.31209749
0.118985787
0.124013536
0.201895624
0.0539638698
0.13396503
0.152696788
-0.207412869
0.0352537073
0.0582932718
-0.0696196109
-0.0859400779
0.5639925
-0.310181469
-0.680328667
0.705742717
0.49500522
0.531693161
-0.141277507
-0.274597287
0.622019708
-0.0521525778
0.17121543
-0.109020457
-0.457194
0.635955334
0.915475607
0.161337897
0.0191790964
-0.0435789675
0.0542943515
0.0226333328
-0.0235720668
0.0253275074
0.041941151
-0.0325637907
0.046296861
0.119617455
0.0544510148
-0.0241728295
0.0722706318
0.0256655142
-0.018671073
0.0584928095
0.0705456659
0.0211163387
-0.0638186634
-0.0503149778
-0.00984057412
0.0483346805
-0.0179874413
-0.103890419
-0.0217001885
0.0131104989
-0.12429709
-0.0763013437
-0.10294424
-0.0890698805
0.16567108
0.0822324306
-0.0656497702
0.0514914803
0.0601122789
0.0973809808
0.0623452142
0.112019278
-0.0503194332
-0.16281417
-0.0900280848
0.0138671501
-0.0615315661
0.0419984348
0.0391633064
-0.108383857
-0.042688366
-0.0877528414
0.0120770428
-0.0823904052
0.0402286984
0.0946604982
-0.035022378
-0.0513023995
0.0254923888
-0.165219218
-0.0998798758
-0.176191926
0.129718855
-0.101789139
-0.0401515067
-0.0234348308
0.0860998929
-0.084333539
-0.145920187
-0.0255802795
0.0755470693
-0.0531657338
0.037617337
0.165763453
0.066556491
0.0366998985
-0.0655777007
0.12306346
0.0719460174
0.0368483551
-0.157617137
-0.106749743
0.0142823802
0.152706161
-0.0203584619
0.0974434167
0.185955301
0.253626823
-0.000511116697
-0.0336204916
-0.160842687
-0.054041449
0.0815707445
0.038779445
-0.0015113696
0.0464932844
0.114504211
-0.0221497789
-0.0654404685
0.0767238289
0.021422524
-0.0482675955
0.0578812994
0.0892029703
-0.101070128
0.0835773572
-0.0699141324
-0.0917942524
-0.0281886384
-0.0141697591
0.107277013
-0.0334274732
-0.0643778145
0.0808563977
-0.0629853755
0.0190817695
-0.0463887826
-0.0648639649
-0.0588147379
-0.0612315871
0.0430373177
0.0668447986
0.0387048051
-0.0951161683
0.00756820478
0.0692426711
-0.138827741
0.143775105
-0.0762969553
0.00439910591
-0.0761591271
-0.0331331715
0.0617823601
-0.0106746387
-0.0637817755
0.0322491676
-0.0329215676
0.0985645875
0.0210480858
-0.0752047524
-0.00114551838
0.109922364
0.2334456
-0.0807140693
-0.0269881431
0.108490027
-0.0183498561
0.019625809
0.0273159426
-0.0369563401
0.0756878555
-0.12868458
0.0125870649
-0.0336625502
0.109450758
-0.0875323415
0.0415647738
-0.13159886
-0.0152603434
0.0619492754
-0.0904132649
-0.135824382
0.0342531167
-0.096211426
-0.0242986735
0.00837888382
0.0957903042
0.035544958
0.0673434958
0.1318717
-0.0382870995
0.136321276
0.0783127546
0.141668394
-0.0491390154
-0.0172052626
-0.0516957976
0.139613658
-0.0472969636
-0.0925567225
-0.00450069318
0.00729349069
-0.114795774
-0.120925993
-0.0377716497
0.0506908558
0.113122098
0.0139504867
-0.0198074933
-0.0390944444
0.0534297973
-0.161251292
0.19675003
-0.0798164457
0.040149007
-0.0799602494
-0.0307181776
-0.0016289436
0.0297645275
0.0620246045
-0.0706161931
-0.372110844
0.0495523997
-0.0446790271
-0.166972071
-0.0689740852
-0.421118736
-0.524049044
-0.23159954
-0.164499268
-0.251929641
-0.398413479
-0.25201413
-0.052344963
-0.243710861
-0.240306213
-0.0280669685
-0.0978234336
0.0905051455
0.0119488649
0.078375116
-0.00141448784
-0.129308239
-0.0761964619
-0.280341297
-0.0867994353
0.0712546185
-0.0382502377
0.111155078
-0.131182432
0.0137544852
-0.0309664868
-0.13118811
-0.430761933
0.295014113
0.842638254
-0.39750731
-0.340099365
-0.151430696
-0.119208746
-0.34574753
0.232867122
-0.0915472433
-0.20115687
-0.148022056
-1.24734032
0.104846895
0.229851171
0.043641109
-0.127659231
-0.17228128
-0.160670906
0.0878670812
0.0982547179
0.0219027735
-0.165722236
0.0957006887
-0.0525189824
-0.187006637
-0.0616620816
-0.128115267
-0.0737257302
-0.00580359809
0.0596531853
-0.0514319725
0.186161757
-0.0722824857
-0.184414864
0.0164654516
0.0394184068
-0.171444446
0.0876003951
-0.151413426
0.132027552
0.0513270348
-0.030022407
-0.034898743
0.0429979488
0.0856949314
0.099588275
-0.131544158
-0.118013248
-0.0225777086
-0.159867942
0.0411221348
-0.125222117
0.0649751201
0.0239633098
-0.141640231
0.0623037741
-0.0339742526
0.0571048446
0.160081252
-0.0191340595
0.143535286
-0.151182443
0.0961801782
-0.147552386
0.0684830323
-0.00697695184
-0.119054064
-0.051748395
0.0460767932
0.0046533756
0.11332652
0.0243117753
0.0891050845
-0.000453917019
0.0523333922
-0.0823781341
-0.0798969343
0.0741611123
0.0103641395
0.0722801387
-0.0374023803
0.00128548162
0.0590826161
0.00152128725
0.0978216156
0.0128262648
-0.0221410077
-0.0556165203
0.0455477908
-0.0309052095
0.0505571105
0.0530120768
0.0173756704
0.0150452526
0.0791369751
-0.0168840382
-0.0340669006
0.0202957429
-0.122620068
-0.0546961352
0.0550154708
-0.0483206287
0.115896702
-0.0301431343
-0.0712308362
-0.0117865447
0.0453206711
-0.0399518609
-0.109190159
0.0136511428
-0.102931939
-0.103570484
-0.0938991308
0.0208096448
-0.0346043818
0.0771534741
0.000530317076
0.0871124715
-0.0478219278
-0.0771610141
0.0182130747
-0.116905801
0.0440186635
-0.0509636924
-0.047654774
-0.106113963
0.0823387206
0.110739075
0.0594006069
-0.0609018765
0.0207006522
0.0425050594
-0.0371291265
-0.0949482173
-0.0396390334
-0.0735808462
-0.0247350484
0.0270639975
0.137506083
-0.0606426224
-0.0751921311
0.0850450024
-0.0649465024
0.0400731564
0.0454520173
-0.0309287496
0.143495172
0.184972152
-0.0308638718
-0.0692076758
-0.111810319
0.0453636609
0.0752549842
-0.0650820732
-0.00998659153
-0.0439515226
-0.0131638255
-0.143030196
0.163078114
0.0964896455
-0.0519651882
0.10072466
0.0754089504
0.259411752
-0.221339121
0.172804922
0.210767239
-0.281168848
0.374209434
0.519357979
0.252660453
0.334110409
0.0666779578
0.233796746
0.315953463
-0.0706181452
0.0166098494
0.216681421
0.0537255965
0.104559675
-0.1452353
-0.187939793
-0.0840660632
-0.0848300457
-0.0957760289
0.0212341975
0.378856838
-0.0990375504
0.174344942
0.245167851
0.0614323653
-0.0959547907
0.48509413
-0.112276033
-0.0583519265
0.232352063
0.0565309152
-0.508386612
0.276870072
0.108271554
0.224804789
0.399394453
0.383129507
-0.384892076
0.218317211
0.264864951
0.0760493726
1.10108852
-0.122146115
-0.308614433
0.071360223
0.0178814866
0.111584254
0.0460958555
-0.0121689625
-0.0482183434
0.0830855668
-0.107850663
-0.121748626
0.0774031579
-0.00549270073
-0.0372646973
0.10188897
0.0551275387
0.0611302853
0.0678701177
-0.0129352333
-0.0192665607
-0.0280712899
-0.0377369598
-0.0345061794
-0.0845005587
-0.05743571
-0.198480085
-0.045431789
-0.0570229851
-0.178690568
-0.0109279351
-0.117671408
0.152007818
0.0545562841
-0.0285868868
-0.0019164948
-0.0236684773
0.0388569795
0.143581182
0.058973711
0.0960707292
0.103325292
-0.116122223
-0.0283217654
0.0479821377
0.264260381
-0.0497736447
0.101596981
-0.00147716107
-0.0934450105
-0.0786567777
0.00111208414
-0.0772528872
0.059095338
0.0851131603
-0.032556992
0.0572398677
0.0514516644
-0.132050261
-0.00203412957
-0.0231708325
0.0300054383
-0.0762551278
-0.00289415708
-0.109409109
-0.0753268525
-0.103717715
0.120976552
-0.0157646425
0.0396056138
0.00793621968
0.002615568
0.10819719
0.0942306295
0.0129995802
-0.111614414
-0.101509795
0.0311887693
0.150810242
-0.0647158697
0.0664619058
0.0287867691
-0.131552309
0.0568934865
-0.0791482478
0.0791566893
0.058366131
-0.0470800214
-0.159044445
-0.039349515
-0.0233980305
-0.00962423719
-0.0574929044
-0.0126543893
0.0552699007
0.0277801324
-0.00506927166
-0.0841987282
0.105725802
0.0485292524
-0.000263317925
-0.0987142175
-0.0290804207
-0.201381341
-0.317010552
-0.0375089534
0.0028030565
0.183337152
0.162311286
0.0428456962
0.172510609
-0.0277563948
0.0344341099
0.107193351
0.00525696483
0.116892904
-0.0968285725
0.0244168695
0.0438010469
-0.0142451394
-0.140067577
0.0901306123
0.0610289797
0.0802180916
0.0107987858
0.118259646
-0.0676110238
0.111207262
-0.116209798
0.16586858
0.104513906
0.190331116
-0.126389235
-0.105939396
-0.102110632
-0.0314503945
-0.047389891
-0.809900582
0.135664612
0.122182213
-0.00720009813
-0.0117884744
-0.0683790669
-0.197604597
0.118699372
-0.0427188873
0.134687379
-0.534989774
0.170001432
0.212123275
-0.00111261802
0.0169251207
-0.101976275
0.0812088475
-0.0106517561
-0.130738273
0.12170586
0.00278580585
-0.0795882046
0.100689486
0.0695661008
0.124980196
-0.0250569768
0.0364994928
0.0106209815
-0.0225086827
0.0701252148
0.0595448576
-0.133601144
0.078774102
0.0417819731
0.0842292607
-0.130994707
0.133192018
-0.0111651896
-0.0353635997
-0.029091049
-0.0780509114
-0.033399649
-0.038956821
-0.00764716603
-0.00933603104
0.0347041264
0.109341949
0.0976779908
-0.201283947
0.114604883
-0.15368633
-0.110799715
-0.112931155
0.161151946
0.0912978053
-0.0800620317
-0.0610705204
0.0550280139
0.0645863488
-0.107239358
-0.0822304562
-0.035775084
0.039913401
-0.373660296
0.265793234
-0.124820985
-0.0971371457
-0.0135066165
0.179138809
-0.384343505
-0.3223975
-0.0333012938
-0.38427496
-0.235596403
-0.155664742
-0.327397436
-0.130069107
-0.0473036952
-0.149210587
-0.0356665067
-0.245635584
0.266564786
-0.0518162772
0.179434165
0.0237270799
-0.158060953
0.0804224089
-0.00881146546
-0.162389517
-0.120553784
-0.130410954
-0.0882932022
-0.0960945785
-0.248317868
0.0768421069
0.123038277
-0.117994048
0.409585863
0.240579844
-0.132148549
-0.225480139
-0.199270606
-0.192841113
-0.135982975
0.245031655
0.105538912
0.137980893
-0.133509487
-0.726542473
0.375119001
0.141740382
0.014603572
-0.101673737
-0.0547199063
0.0463969111
-0.0029345348
0.0689640865
0.151751384
-0.0960228816
-0.0615070686
0.00967746601
0.022975659
0.0198907088
-0.127436101
0.0166859869
-0.0304681677
0.103145599
0.0840381235
-0.0264847782
0.170091078
0.127294272
0.146107107
0.0732099786
0.15670155
0.0452010632
0.0150145078
0.138480917
0.0379077755
-0.0370924883
0.105184898
-0.0787685066
-0.052875489
-0.200281635
-0.0291191526
0.0792580694
-0.0444948971
-0.1012775
0.0890424177
0.172100455
0.0613487363
-0.0787556171
0.0622412078
-0.0665616468
0.0709674358
-0.123938337
-0.069517538
-0.171970695
-0.0614023767
0.066484414
-0.136482388
-0.0557410121
0.0798785761
0.0712597519
0.0567440614
-0.0492985398
-0.0199395046
0.0721173733
0.0403343663
-0.0753740147
-0.061956957
0.0662538335
-0.0228143018
-0.123255856
0.0330488198
-0.107779071
-0.0388486646
0.0712004229
0.0453908294
0.00744710024
0.0434923843
-0.0576260686
-0.00118178711
-0.0117407823
0.0617721044
0.0231823996
0.0834868923
-0.101315811
-0.00558492681
0.116086237
-0.121724017
0.10109774
0.0330770798
-0.107337259
-0.0644473732
-0.159288749
-0.00122944056
-0.0274728276
-0.104235359
-0.052386649
-0.00156055216
0.103448622
0.0947233588
0.0487743914
0.0392517187
0.0133753149
-0.0268026646
-0.0192541964
0.113055982
0.0836486816
-0.044444859
-0.0596869774
-0.0285318587
0.0316902883
0.129295155
0.078905426
0.121042699
-0.124138705
-0.00528066233
-0.111204684
-0.13383095
0.0954405442
0.123332098
0.00844312925
0.110514946
-0.0863678008
-0.0522020571
0.060283903
-0.121135697
0.114403881
-0.0662406608
0.0796178281
-0.0663609803
-0.112291582
0.0572250783
-0.0710380301
-0.128163055
0.0994395688
-0.0778633505
0.0168437995
-0.0867424607
-0.0477617718
-0.019260969
-0.0919659361
-0.0651388243
0.13552025
0.0977369025
-0.0732568353
-0.00573239429
0.10225071
-0.11827261
0.026829958
0.0988329947
-0.0716688707
-0.0513230339
-0.105503768
-0.13823463
-0.00226614554
-0.0416340865
-0.0481247194
0.0440539047
0.0432758629
-0.140951619
-0.0451323017
0.0397925042
-0.141364694
0.113700911
0.160477877
0.00459513394
0.0748974532
-0.0778573081
-0.0620942861
0.004889498
-0.1135934
-0.0651864409
0.0907786265
0.0204555467
-0.00354165235
-0.0431587026
0.0252613034
-0.0944275483
0.0753936395
0.105021082
0.0969663709
0.0748761669
-0.0766290128
-0.103584416
0.00203591795
0.0195143409
-0.0068032858
0.0884386152
0.0645160526
0.104517333
0.160558313
-0.122482575
-0.190341532
0.0325301252
0.0270419195
0.0673151836
-0.0613016225
0.0245118234
-0.00898917392
-0.00840421859
-0.109158017
-0.023493886
0.0884972736
0.0371765718
-0.0193322804
-0.597282946
-0.148230463
0.480844438
-0.425749838
-0.438737303
0.225514159
-0.650051355
-0.361260831
-0.124539934
-0.352772415
-0.294775695
-0.411376745
-0.177220434
-0.189615682
-0.188477859
-0.253169596
-0.319469988
-0.247490391
-0.386022061
-0.000587816583
-0.264651537
-0.223747879
-0.0971546993
0.0946559459
-0.0597258881
-0.199819699
-0.0600272119
0.0197895244
-0.239155799
0.142470047
-0.0223823041
-0.0927723944
0.0857596472
0.0860185176
-0.10907229
0.280278027
0.552495539
-0.565143287
-0.323321104
-0.419504553
0.0596563481
-0.146669373
-0.525478959
-0.226130292
-0.234636128
0.11295557
0.189767435
-0.0796426311
-0.494250417
-0.0571245477
0.0716904774
0.125921592
-0.173174396
0.0730459392
0.031077221
-0.214499652
0.0331901461
0.127026081
0.109498352
0.00565028237
0.0523554832
0.130788386
-0.182943001
-0.0866984427
0.058969859
-0.165416464
0.105652772
-0.183515951
0.0954464003
-0.100965306
-0.0708700493
-0.0522816405
0.0961328521
-0.0793323889
0.0386722386
0.064959757
-0.0586917773
0.0537740476
-0.0320366062
-0.09242329
-0.0348132104
0.0984824225
-0.0241156314
0.138752371
0.0729042366
0.0802479833
-0.117385939
-0.013141226
-0.121968754
-0.00717608677
0.014930917
-0.37705183
0.0470495671
0.136194184
0.0146046691
-0.118079454
0.0345351696
0.0089347465
-0.0387579687
0.115018904
0.104309775
0.0315617844
-0.0839036182
-0.05229358
-0.17740193
0.0811365098
-0.0446041711
0.110593937
0.0434437022
0.0630556121
-0.00194594206
-0.117746562
0.0944800228
0.0303015038
0.0299392119
-0.0874598771
-0.0481413081
-0.0448254794
-0.07367827
-0.057588499
0.0770308003
0.0356012471
0.0556134842
0.0951678678
0.00359851914
0.0207490679
-0.090270184
0.113444388
-0.209290296
-0.0013891717
-0.00698414072
0.0471479222
0.109261952
0.0815356895
-0.00975357741
-0.00266147149
0.0114251999
-0.0227629058
-0.00312005403
0.166872799
-0.126112193
-0.0440764502
0.0391541421
0.0244927593
-0.0108930171
0.0140478257
0.0912081525
-0.0126370965
0.0219745338
-0.0100633213
-0.025449045
-0.0498574004
0.00544924848
-0.0677835792
0.0506261811
0.00809339434
0.0666658506
0.0123907728
0.0918807015
0.0608766861
-0.109396398
-0.0464177877
-0.025201818
0.0451235659
-0.0875860974
0.0324951932
-0.0154891834
0.0270184521
-0.0510166548
-0.0415179469
0.136845261
0.0817657262
0.0409678258
-0.10004425
-0.098437801
-0.0383219272
-0.0610481612
-0.100235328
0.0702146441
0.0113085257
-0.0575753637
-0.0866160169
-0.0440480709
0.0453823321
-0.0326370709
0.0847783163
-0.0519745089
0.0410356298
-0.100941546
0.0659496784
0.00397406938
-0.0403570794
-0.0403714664
0.0517518744
-0.0185532868
-0.0323042758
0.186691821
-0.0245895162
-0.109889872
0.208106667
0.115666248
0.0535188615
0.0192778874
-0.138945147
0.0625820011
0.036610093
0.113540612
0.100779228
0.00632941443
-0.0850482658
0.060819272
0.0323049612
-0.100651421
0.0894817635
0.0935662091
0.0722364336
-0.0867722556
0.00988746807
0.0222573485
0.0579616278
0.153072745
0.0325681269
0.0928249955
-0.0819582939
-0.079177931
0.0995977968
-0.0250959732
-0.0168689042
-0.0510767214
0.053694319
0.0439834371
-0.217930779
-0.0521242917
0.10075327
0.000579964661
-0.160474971
0.051204931
-0.097434245
-0.00141763175
-0.148297161
0.0959481969
-0.11048995
-0.240831032
-0.122536108
0.113288641
0.168824196
0.118611135
-0.0569244102
0.156307042
0.0864127576
-0.0480032377
0.153579399
0.138622642
0.0856048614
-0.115767859
0.128721073
0.000385738327
0.176499382
0.0752829388
0.0921345577
-0.000880798325
0.139478475
-0.0523529053
0.157765657
0.00438618381
0.0745262876
-0.0456017517
0.0608762391
-0.133232787
-0.101300426
0.0280520227
-0.110107273
-0.0792541429
0.0337580331
-0.0349491909
0.00279620453
-0.0820646062
-0.0660144314
-0.130484149
-0.0565771721
-0.0218287054
0.1273911
-0.0688965321
-0.0328307934
-0.0267495625
-0.150509059
-0.0837437809
0.0302869435
0.0739548877
-0.0334454626
-0.119368277
0.0005696562
0.0993910059
-0.110241555
0.159501508
0.111709103
-0.149710089
-0.0658714697
0.120109566
0.00666075898
0.0620011687
-0.0320850834
-0.124333635
0.0835969597
0.254389197
-0.0219896697
0.217750296
0.0708090141
0.149371684
0.0397051051
-0.0866887793
-0.0748699307
-0.0505078696
0.0270877611
-0.0928734094
-0.0421153046
-0.0831678659
0.0272469167
0.180759981
0.198679149
-0.0461873896
-0.0934283063
0.217826515
-0.0899436101
-0.0395015441
0.151676401
0.066760391
-0.0550032035
0.138220653
-0.171932518
0.113139033
0.0585950203
0.0205534194
-0.0940460935
0.227156907
0.0415906683
-0.295161664
-0.0306105688
0.0965065658
-0.0674346238
0.16812031
-0.149228647
-0.106631324
-0.0113231987
-0.0264772754
-0.00413845386
-0.0326436758
0.020352209
0.0327648297
-0.0484934002
-0.104589388
-0.0344055071
0.0520987548
0.103301853
-0.0278510656
-0.0136651555
0.0477621332
-0.0359313674
0.00205727806
-0.0873529837
0.0327424929
0.0469938479
-0.000998935429
0.0144937951
-0.103215836
-0.0709627345
-0.0265095681
-0.00874365307
0.0179899931
-0.0341951512
-0.0338012092
-0.0370481312
-0.00479974365
-0.010153058
-0.0139561342
-0.00486682588
0.0578308031
0.0846381858
-0.0806712285
-0.090715386
0.070037663
-9.97334428e-05
0.0414946713
0.0176182687
-0.0360420011
0.00155052147
-0.0319839828
-0.0332731679
-0.0948699415
0.0621580593
0.0692414492
0.110827595
-0.269521654
-0.0467599146
-0.0956848189
0.0382994078
0.0304498654
-0.179651573
-0.287698478
-0.214049205
0.127525553
-0.0891901776
-0.157139599
-0.0275939219
-0.0503941029
-0.21300745
0.0553509034
-0.170583352
-0.0800595209
-0.115401156
-0.253697038
-0.058702372
0.0506904013
-0.167345926
-0.228059903
-0.0291909017
0.142024785
0.110501267
0.0566509254
0.16466482
-0.0160490964
0.0495398305
-0.0161908362
-0.0358544774
0.056399554
0.0704549551
0.0122035053
0.0983560681
0.22074537
-0.060270071
-0.189258844
-0.0357667282
-0.105219737
0.031103041
-0.545530379
0.14924942
0.00580290752
0.0873444751
0.00543020852
0.162037671
-0.190161049
-0.0772249177
-0.083861284
0.0104988879
-0.0701431558
0.145235017
-0.012835741
0.271554947
0.0168611482
0.129316226
-0.0765942708
0.101774648
-0.134609729
-0.0718865097
0.0378550626
0.117316753
0.112251781
0.159466892
0.0408867709
0.0898609012
0.125875026
-0.118213929
0.0572200678
0.140293702
0.196205363
-0.0412211902
0.176231489
0.150536045
0.249723986
0.05879765
0.0470364839
0.142326668
0.149373904
0.126664639
-0.0608896203
0.0848995596
-0.104189076
0.0276540574
0.195035204
-0.0526840314
-0.0829284862
-0.121280357
0.154629171
-0.298751414
0.109772116
0.0833824128
0.117939703
0.211759299
-0.0263126455
-0.00104399235
-0.309805036
0.0685153902
0.598703504
-0.247783124
0.228428662
0.550948858
-0.0771015137
0.527560413
0.58422631
0.331659198
0.360414028
0.0280729327
0.0375575088
0.449620873
0.251307517
0.155555278
0.206180677
0.00422687037
0.160833493
0.0719900876
0.147673041
0.0335811302
-0.0422447808
0.18542406
0.278907925
0.404838204
0.0799526721
0.15690954
0.114681438
-0.0129439319
-0.083423689
0.165967941
0.0781839415
0.127071455
0.485181153
-0.225938648
-0.229734331
0.464673966
0.271416962
0.39496237
0.214747772
0.41559878
-0.422312796
0.323699772
0.261756718
-0.247817159
0.882683277
0.339942247
-0.377812594
-0.0536749512
-0.212554112
-0.0732646435
-0.184990034
-0.251301825
0.0851244926
0.0446550846
-0.0710191876
0.00136056729
0.152372494
-0.0277902968
-0.0763408765
0.0333659165
-0.0343535319
0.150973782
-0.0662373379
0.0799349323
0.0306639113
-0.134728879
0.0844679028
-0.0818327814
-0.0908242688
0.100609936
-0.116248854
0.116902605
0.0597894974
0.0592917502
0.00586647028
0.0226426125
0.323123634
0.106114224
-0.100580402
0.0231752694
-0.0345610231
0.553636789
-0.0307926349
-0.00483492436
-0.0220891926
0.0295197684
-0.346497864
0.049740348
0.0580745824
0.0360998325
0.25127393
-0.0451481044
-0.032515496
-0.0531684756
0.00333759794
-0.24424924
-0.0321057886
-0.0397000276
0.0333766825
-0.0626182109
-0.245956942
-0.0372997858
-0.0324555337
0.0329495035
-0.155820072
0.170343742
-0.060176868
-0.0412285104
-0.160175577
-0.0266046971
0.219021678
-0.00872065499
0.25465706
-0.159616083
0.215240091
-0.222528309
-0.0122210542
-0.0453718528
-0.041613549
-0.0189620946
0.0584309176
0.0323941559
0.00388749107
0.0311038196
0.033116661
0.0299722068
0.062544018
-0.0356795006
-0.0465161838
-0.0151167139
-0.083507821
0.0884841308
0.0699148104
-0.0346384272
0.159469321
0.0758659095
-0.0357669741
0.0478477143
0.088851124
0.125022098
0.296378076
0.0917176902
0.120981887
0.0341669917
0.0431636721
-0.479729474
0.0722742081
-0.0516753942
0.0974887237
0.0253052749
-0.287637502
0.000904771965
-0.0282153338
-0.0674749538
0.294473916
-0.0358202532
0.0352008604
0.146733403
0.0517285056
-0.205546126
0.0508807153
-0.062434312
-0.0371126495
-0.032638859
0.333464712
0.0989154503
0.0609146766
-0.0208780672
-0.00348666194
-0.0971327126
0.043812681
-0.0584969558
0.117048934
0.0340383463
0.227022141
-0.0127767883
-0.0727398396
0.0524596497
-0.0973296091
0.207535803
-0.00546720391
-0.0332977623
-0.0341491066
-0.0554721728
0.0440084152
0.0433782451
-0.0145330615
0.0262319986
-0.0207851343
0.0478195809
-0.010545698
-0.0323257856
0.0455582179
-0.00984284095
-0.074823387
0.0909912959
-0.10726133
-0.0388683937
-0.140669003
0.0956728905
0.0476717986
0.0738436282
0.0892267153
0.113075472
0.0218970366
0.0947333723
-0.116459623
0.0292126723
0.0993736908
0.16665481
0.0763006434
0.0365327969
0.0922772735
0.00182276068
0.134955823
-0.0518337451
-0.0358322226
-0.0697616786
0.0582961626
-0.0419767871
0.0266461708
-0.0331544876
0.0563283153
0.0930371508
0.0115176495
-0.0177749116
-0.0460046493
-0.03555898
0.0296951812
0.0977373794
0.0956824943
-0.0157282315
-0.0505659729
0.0204014629
-0.00369791384
-0.0657455474
-0.0573297553
-0.0844808295
0.197385252
0.0501990877
-0.162997305
0.0724397451
-0.221202388
0.114971645
0.0108500235
-0.0539072379
-0.0599262118
-0.047783412
0.0143736657
0.0122773293
0.0205202885
0.0535215884
-0.00730136223
0.000817916472
0.0457664579
0.330266833
0.0435047112
-0.00835865643
-0.0693441704
0.113180511
0.0735298395
0.0111243539
-0.12555638
0.121078312
0.0229722336
0.00330327032
-0.0679350123
0.0994053632
-0.246097609
0.120276876
-0.114938118
0.00806794409
-0.108096041
0.310074866
0.0581115857
-0.0773775205
0.0886757374
-0.0160217751
0.342557997
-0.0691061616
-0.00882738549
-0.0448024124
-0.249997377
-0.0660093576
0.0524195507
-0.0168593004
-0.000988803455
0.0426358841
0.0452081934
-0.0636655688
-0.0552153215
0.0169578362
-0.539090574
0.0739498511
0.0695701465
0.00033485223
-0.0803803727
0.0297226664
-0.147900179
-0.0550770722
-0.122869402
-0.0718752518
-0.243453518
-0.0528434142
0.086826168
-0.0458488651
