SWAT_LOCOMOTION 1 32 64 18
-0.236867875
-0.0548766553
0.175928175
-0.0964954793
-0.199608445
0.016460374
-0.0209609419
0.0158489216
-0.120551705
-0.135023907
0.0621707216
0.0694195926
0.0618629754
-0.274892598
-0.182839468
-0.166163072
-0.171303585
0.086950317
-0.19844985
-0.189663783
-0.227012083
0.0451299697
0.069502525
0.00513163814
-0.0215625819
-0.129325658
-0.011488663
-0.054088112
-0.049657017
-0.0223750025
-0.071546711
-0.111164182
0.394319922
-0.353565931
0.142175272
0.212709039
-0.0115337446
0.134494916
0.0302054286
0.090070948
0.0965424031
0.118539281
-0.0492176786
-0.0707228854
0.194876507
-0.599470437
-0.183196574
-0.033022739
0.0154488795
-0.136437982
-0.123709716
0.0347816721
0.282373607
0.0656917095
0.0640690401
-0.0239739623
-0.172733113
-0.19494535
-0.176841363
-0.276790142
-0.18000178
0.0430731699
0.2349471
0.130713329
-0.0719205737
0.518787205
-0.307687759
-0.20105356
0.183481798
0.02470918
-0.0203110501
-0.0338700116
-0.246903151
-0.0198608115
0.107504524
-0.12318027
0.106075987
0.713403761
0.0485325791
-0.073867619
-0.176780611
0.0330084823
-0.0555812046
-0.149942055
-0.120173328
0.0609683618
0.00463519664
0.069805108
0.117729478
0.0678079352
0.292829156
0.31144014
0.125191003
-0.0751612335
0.0720765144
0.041272372
-0.0413619876
-0.6231004
-0.0457533933
0.169173121
-0.274626821
-0.0387985706
0.168014929
-0.0758578032
-0.0575353988
0.0772589669
-0.148973346
0.160945341
-0.0819541514
-0.401583046
-0.150425509
0.0622342937
-0.137145221
-0.0917308331
-0.049889151
0.0483738892
0.197658256
-0.0700936615
-0.145539716
0.125798494
0.025208449
-0.0509002768
-0.137271851
-0.051096566
-0.124626204
0.111691676
0.0724012479
0.0465933345
-0.0936512202
-0.62892729
-0.0858333185
0.126887217
0.194744051
0.368057281
0.107870378
0.109654538
0.124420211
-0.0394320749
0.0117239868
0.0780960247
0.0717466772
-0.542060435
-0.0927276984
0.0813372284
-0.162117451
0.109509431
-0.0492988974
0.105087936
0.160269901
-0.0189779364
-0.0104080923
0.159894258
0.130972907
0.0713913068
0.0908017755
-0.0223271698
0.174697667
-0.101247847
0.182846129
0.000925992965
0.124955647
-0.557971001
-0.0950972736
0.0271772388
0.0418807976
0.293444425
-0.127857998
0.152026698
-0.173623592
0.1829326
0.175624773
0.00213808543
0.158698291
-0.713692427
0.106252141
0.0338657871
-0.0463025123
0.0584275387
-0.00962613616
0.131136179
-0.0764287934
0.11141675
-0.173978791
-0.181433767
-0.0640404448
0.153590143
-0.0321427062
-0.0407484956
0.0745407641
-0.0844528973
-0.152795315
-0.0257489197
0.253890425
-0.49408251
-0.133551046
-0.156570762
0.191465527
0.274244457
0.0935730115
-0.123220339
-0.11654871
-0.0604675934
-0.14718473
-0.0544811487
0.106710307
-0.646885574
0.0552054234
0.0064446535
0.0964720771
0.0929801464
-0.173219576
-0.1136081
-0.00974491611
0.149911106
0.0368905813
-0.0529135391
-0.134929925
-0.108176835
0.0318979323
0.00359583506
-0.067427747
0.0843305215
0.18666473
-0.0920965448
0.0217249598
-0.0878550485
0.0699891299
-0.233131766
0.12402121
0.210840076
-0.117511123
-0.0162629876
-0.012967228
0.0168029051
-0.0246233977
-0.0345335007
-0.00708366092
-0.200114295
0.0104407053
-0.136041641
0.00392507249
-0.200680301
-0.089578107
-0.139301211
-0.183332533
0.0707449615
-0.223712683
0.0335759334
0.103532068
0.0381353609
0.00979159772
-0.0625064895
-0.0577981472
-0.0110803442
-0.108723328
-0.0949534476
-0.0836275071
-0.729701698
-0.382038087
-0.228984147
-0.0110852765
0.438809305
0.139343753
0.0829311758
0.120522179
0.141207799
0.0283690151
0.0623564497
-0.107546113
-0.499923944
-0.114272617
-0.0236241184
-0.0473205373
-0.0356287509
0.0144080669
-0.0320325717
-0.209018901
-0.0459308401
0.121847861
-0.086008504
0.0908155292
0.215156376
0.299981356
0.218875632
0.230209336
0.0599355474
-0.100779772
-0.168806106
0.198253661
0.111558102
-0.207054108
-0.0870473608
0.233391508
-0.292236537
-0.322641224
-0.0883884802
-0.355629504
0.200215057
0.00276369113
-0.00203479384
0.275343478
-0.0889752805
-0.212130144
0.0957106575
0.100961976
0.0667532086
-0.10010317
-0.161825761
0.208609313
0.226905316
-0.0512490682
-0.345852405
-0.22784704
-0.26409021
-0.345674247
-0.314721763
-0.235690847
-0.0207450166
-0.0189078599
0.105974525
-0.0614013076
-0.163475752
0.126096189
-0.0198455974
-0.14253816
0.0473233052
-0.0387079678
-0.0299032945
0.0701350272
-0.190398797
0.059210889
-0.230507389
-0.083691366
-0.300657153
-0.188876063
-0.070355311
-0.0652997568
-0.00147086312
-0.0416459255
-0.0813981816
0.0825627819
-0.260469377
0.0531561412
-0.156656742
-0.0820149109
0.0408031493
0.0315184034
-0.061012093
-0.111646824
-0.258094281
-0.246768534
-0.0299430322
0.00953940302
0.644122422
0.456674665
-0.0201226287
-0.040628463
-0.263213992
-0.0936845839
-0.0624506958
0.283464551
0.0540444329
-0.182866156
-0.174727768
-0.0540615432
0.613373041
0.174307764
-0.083048597
-0.0386986807
-0.0155004309
-0.0799659789
0.00384346955
-0.210724041
-0.0965465978
0.00747767324
-0.022187423
0.193406746
0.136881888
-0.0396765321
0.0552113317
0.216311634
-0.0733022541
0.110217541
0.061514385
-0.0308432914
0.543460488
-0.0798890367
-0.285304725
0.221648008
-0.473731935
-0.230793223
-0.0240462758
-0.0264757834
0.0311826766
-0.120599575
-0.135041267
0.249426618
0.519737184
0.103145137
-0.168747276
-0.0119003961
0.15492712
0.143663272
-0.141579956
-0.101304181
0.0686005056
0.234891668
-0.0259854272
0.087911807
0.0429629795
-0.130770773
0.211581975
-0.0166366119
-0.173348531
-0.0095565049
-0.186120719
0.0870126486
-0.520179331
0.257924974
0.114611395
0.213159665
0.191863149
-0.185830534
0.0942119136
0.176920757
0.0630131215
0.086111173
-0.0111371092
-0.0492940433
-0.338631809
-0.0643729195
0.168761194
-0.0236587152
0.0347120836
0.164635584
-0.120813206
0.140972599
-0.061603155
-0.0735290647
0.181065962
0.0644196719
0.106759459
-0.0581568629
0.188593745
0.0792883858
0.116701275
-0.135623991
-0.131817266
0.20693104
0.497665524
-0.360844821
-0.401586711
0.359991491
-0.492357045
-0.235144034
-0.0314888097
-0.136805102
0.0973616913
-0.180488661
0.0315528847
0.388229668
0.518767357
0.0799273849
-0.0491191074
-0.159734845
-0.0105404723
-0.0898218304
-0.00794590823
-0.0632293895
0.0772800222
0.00437698793
-0.187823951
0.034791097
-0.0930006728
0.0237829164
-0.122049056
0.0209963564
-0.0169428475
0.0261375625
0.133249134
0.363359094
0.568027914
0.307965487
0.146862134
-0.19016543
-0.38718006
0.052058734
-0.0510214418
0.096584551
0.208498865
-0.196483642
-0.0286184661
-0.222655743
0.67516458
-0.027486179
0.0354390591
0.102620721
0.0129342386
-0.0413138084
0.100009881
0.267147124
-0.051593136
-0.0056311693
0.104675896
0.0660981908
-0.195327669
-0.267395198
-0.242045254
-0.0253054388
-0.0798325017
0.00896879472
0.0231107567
0.0946113393
-0.544620335
0.0441718549
0.183132455
-0.194437489
0.225589573
0.156816214
0.0335908122
-0.175860062
-0.012131257
0.1344347
-0.0353301838
-0.0587127246
-0.454017311
0.016308479
0.139090091
0.11241091
-0.0311857313
-0.167292461
-0.0452870019
-0.0472775139
-0.136526823
0.0702945739
0.0259108897
0.0737781823
-0.155564591
-0.130483449
-0.071753487
0.128711864
0.144800484
-0.0871455297
0.109837621
0.0282323211
-0.297366023
0.104442768
-0.0717107505
-0.227122247
-0.288249373
0.00153693487
-0.182554916
-0.09403193
-0.142655879
-0.119466037
-0.0185835343
-0.0950191021
-0.487056673
0.133333713
0.0676924512
0.0696661994
0.00874468312
-0.145647988
-0.18469438
0.0618003495
0.0758853778
-0.211428776
-0.152526289
-0.0512520261
-0.0737925246
-0.123111449
-0.0485158674
-0.190050125
0.00669775344
-0.0371393003
-0.204310581
0.269687206
-0.649770379
0.40005368
0.379449725
0.0812899619
0.112208799
-0.190014914
0.0210357681
-0.14542143
0.0108637661
0.0356304944
-0.00347328698
0.0631059259
-0.544031024
-0.048830092
0.076481618
0.0246700235
0.0803830177
-0.0735881254
-0.0103675006
0.0471175015
0.0532445312
-0.128514156
-0.0920147076
-0.172033072
-0.13608925
-0.0662162304
-0.343376219
0.0383586362
0.101601593
0.0587397628
0.0752152354
0.0990545154
-0.380868852
0.30125767
0.10604319
-0.049253352
0.177830711
0.0263329763
0.126723841
0.0357350037
-0.0259360988
-0.093003124
0.0535361245
-0.102834299
-0.508809566
0.144321665
0.151470348
-0.0929110572
-0.0939848945
0.159367934
0.0951258391
0.0359896682
0.0998544767
-0.103830658
0.0283665154
0.0542243421
0.126057744
-0.130579859
-0.160365179
-0.00913897436
0.106392413
-0.118203476
-0.143496469
-0.294551104
-0.488498241
-0.236053661
-0.342807293
0.0704744756
0.285572231
0.0193518233
0.0213447902
-0.0991722271
-0.095125623
0.155048907
-0.0896089822
0.118570648
-0.442542076
0.142699108
0.10867507
0.0812199414
0.087613672
-0.0655203983
-0.0650821105
-0.0354684182
-0.149267718
-0.0384610221
0.152203321
-0.166846082
0.071935378
0.0260262527
-0.0390677005
0.00584451295
0.205703229
0.147957355
-0.133674622
0.454037309
-0.244740903
0.247733071
0.0584434234
0.213043749
-0.136716455
-0.345275819
-0.104380488
0.0134276906
-0.111139379
0.0304425564
-0.0965890363
0.318122387
-0.544444084
-0.0179105885
-0.0110115902
0.117050208
0.0386986732
-0.0225789025
-0.206848338
0.247990221
0.145277157
0.103266522
0.0751082525
-0.0835768208
-0.168585524
-0.132869899
-0.178974509
-0.220087722
-0.0794677436
0.0573701821
0.0224492066
0.107307561
-0.606614888
0.185903013
-0.0153395589
0.173769727
0.341402471
0.128351673
0.00784244481
0.0305647776
-0.0242828652
0.0828095078
0.144539058
-0.0772207603
-0.593203068
-0.00907983351
-0.0503149219
-0.0776637867
0.00270840805
0.133861125
0.0282153934
0.0316870697
0.0506481081
-0.198016569
0.0783580095
0.110499725
-0.144669503
0.143381655
-0.0629855618
-0.143374056
-0.0803131387
-0.095138289
-0.0557892844
-0.0442476347
-0.404066354
0.170135245
-0.143099681
0.112245142
0.186537102
0.158564866
0.0855772346
0.107604325
-0.146276876
0.248952404
0.0882119685
-0.0515446551
-0.495381355
-0.169635773
0.105997168
-0.000999725191
-0.0573291704
0.123891205
-0.0494711213
-0.18401657
-0.0726639479
-0.285547823
0.184426755
0.131114349
0.179762676
0.17322813
0.0656659976
-0.000985770253
0.00331667112
-0.0735396892
0.0803244933
-0.0865139291
0.649139464
-0.345271319
-0.299975276
0.102449536
-0.452035129
0.0507915355
0.0699779913
-0.00703209313
-0.163629279
-0.0281687528
0.119900845
0.0917168185
0.617419839
-0.16067943
0.00656493986
-0.219207734
0.148039788
0.0641612858
0.162377566
-0.0738748536
0.0581629872
0.0390823931
-0.0174443852
-0.0417044125
-0.0261993669
-0.101259634
0.168123677
0.0346382894
0.00636519166
0.0108129997
-0.0323995538
0.18408753
-0.262032568
-0.403030604
-0.226765215
0.399666905
0.44212541
-0.132315651
-0.0422101952
-0.00916304439
0.0892444029
0.187504098
0.193853185
0.386250615
-0.557479799
-0.0942593366
-0.167941019
-0.0253160056
-0.152962163
0.0301019698
-0.0409002826
0.0621693134
0.0499337204
-0.0217206553
-0.0188362971
-0.175937459
0.0209518354
0.155163035
-0.0915621817
0.00019975481
0.203125656
0.0762507245
0.0747957751
-0.230822667
0.548031747
0.311142981
0.248962387
-0.143172294
-0.51036489
0.360708922
-0.063248761
0.0610228963
-0.0843484774
-0.0381102338
-0.0540955737
-0.046008382
0.624343276
0.0331504717
-0.140826091
-0.0137189748
-0.0945870206
0.180279016
0.240435198
-0.16669865
0.059215948
-0.0225112792
0.010885926
0.10372676
0.0840216279
0.200497463
0.0691144764
-0.0639215484
0.0889692456
-0.184136137
-0.027094027
0.0189240333
0.0152350245
-0.0854369551
-0.0951573253
-0.040940851
-0.0329943523
0.175018027
-0.211105242
-0.0625091195
-0.0756760612
-0.0275476109
0.0791696683
-0.173092484
-0.160732597
-0.171404719
-0.179912969
-0.233043388
-0.147218734
-0.038207259
-0.0627787113
-0.185284778
0.0453657545
-0.222481698
-0.105741017
-0.050311245
-0.0912504196
-0.039107196
-0.16367282
-0.0463266708
-0.0608875826
-0.215142846
0.10770271
0.0221578702
0.500062943
0.419257343
0.447254956
-0.0693879724
-0.482827514
-0.0425558724
0.092177704
-0.0260818321
-0.106498629
-0.0195057243
0.168127418
-0.256673396
0.574254096
0.0758137554
-0.0499433987
0.203003794
0.0613570586
0.197744414
-0.0792769864
-0.0985570401
0.0978230014
0.0230581872
-0.0348492377
0.126843795
-0.298935711
-0.357851714
-0.181882963
-0.095795311
0.0887916163
0.161353394
-0.085306108
-0.295931578
-0.303016156
-0.296633214
-0.103148215
-0.0504098423
0.161376029
-0.102812529
0.0541357994
0.138433352
-0.0804544613
-0.07531932
-0.0740900785
0.0628942624
-0.545778155
0.0886750072
-0.156453788
0.0504330918
0.0504552871
-0.00661834236
-0.0853932798
0.102363467
-0.0175012797
-0.123718172
-0.0948444977
0.116952896
0.241727769
0.385362625
0.122572809
0.137996659
-0.00034374182
0.122687824
-0.0595625192
0.348507166
-0.510535657
0.0657152161
0.286862105
0.164430946
0.365429878
-0.0370544009
0.204741836
-0.0648109466
-0.029325692
-0.160338685
0.0926310346
0.186279744
-0.490942538
-0.0729665756
-0.00958736427
-0.075405255
0.120350309
-0.0610157363
0.0237244982
0.0303379875
-0.0590465069
-0.190092981
0.0267766025
-0.13953805
0.198484316
-0.152207792
-0.272265702
-0.145837218
-0.0530859418
0.00857624877
-0.0220275261
-0.109980941
-0.259933442
-0.103718385
-0.00235415739
-0.114053212
0.18250972
-0.00512504531
-0.192208275
-0.143010393
-0.196423665
-0.237798631
0.116381235
-0.103636973
-0.275022358
-0.107191436
-0.0997963771
-0.0147307878
-0.0280613974
-0.125002742
0.023962751
0.0519090071
-0.180123061
-0.18478027
-0.154037237
-0.0200760495
0.106864907
0.12109872
-0.123869441
-0.0785901099
0.101177707
-0.141526267
-0.0575178079
-0.0623616464
-0.469424367
0.3830145
0.131894201
0.118705876
0.49245429
-0.00390741508
0.0236750636
0.268987745
0.0517149903
-0.161613092
0.0560709015
-0.190370962
-0.724333763
0.0432868712
-0.0587446466
0.0809303746
-0.063243188
0.0738900006
0.11220701
0.115815461
0.0307716541
-0.21729663
0.00801762659
-0.109013639
-0.0160234701
-0.0412909873
0.153078631
0.0903251097
-0.00717729377
0.126994312
-0.109369665
0.209173292
0.4487077
0.381021172
0.0201995783
-0.0204452723
-0.245988607
0.0172930285
-0.151967272
0.361624002
0.157648563
-0.111121006
0.0561810024
-0.0663451776
0.588382065
0.0690786466
-0.160063207
-0.175736651
0.020677615
0.163307428
0.175029159
-0.0948111713
0.0523295067
0.125707552
0.16683951
-0.0101827476
-0.0968042761
-0.0535000451
0.0349541716
0.14081341
0.146193936
0.095813036
-0.00643415004
-0.139036819
0.554446459
0.0370224118
0.0651322752
-0.254137844
-0.394816458
0.219129533
-0.171561986
0.0343152843
-0.00554282218
-0.0431295671
-0.0747134537
-0.115272216
0.489942253
0.111322962
0.0976322144
0.0625196546
0.0179354697
-0.0239624698
0.0078103994
-0.189030334
0.106646992
-0.000121069323
0.0671976134
0.0578104816
0.126722813
-0.171351075
0.0523452237
-0.0979243442
0.0914331004
-0.182364792
-0.0347078107
0.141578972
0.59289211
-0.213495091
-0.28780216
0.113351449
-0.0821009502
0.0175481737
0.136882767
0.113201797
-0.0487048104
0.0703060552
-0.0236771554
0.328196317
0.621955752
-0.113410562
-0.196042731
0.057698831
-0.0687837005
-0.0731352866
0.00471955026
-0.230012134
0.0628060624
0.132073894
0.0840768814
-0.114855267
-0.00868228264
0.126754746
-0.0729012042
0.0555629991
0.0240263958
0.100480862
-0.168452352
-0.040112365
-0.551478028
0.0166336149
-0.270897299
0.124826416
0.282056928
-0.105689891
-0.075829789
0.152954578
0.0837024078
-0.209018692
0.117034689
-0.121479869
-0.728346825
0.196619347
-0.0409194119
0.0571271256
-0.123066746
-0.0714985356
0.16610451
-0.100889854
0.0623968244
-0.233569026
-0.0340023227
0.0880852789
0.139210761
0.298061609
0.283306092
-0.0207639635
0.0939714164
-0.0876623392
-0.176528022
-0.110240929
0.557530165
-0.0684284046
0.0226676799
0.0649471208
-0.327131957
0.147263333
-0.0716764405
-0.199152857
0.00153892464
0.00958265737
0.00676325196
-0.0939710066
0.629739106
0.126245901
-0.148169979
-0.0132834446
0.00388221233
-0.160900861
0.16668871
0.0727213025
0.092939198
0.0131370556
-0.117291346
0.0287728552
0.018674653
-0.0691255033
0.0976157188
-0.0733198971
0.126634151
-0.177555591
-0.173224002
0.104078136
0.576089382
0.234864771
-0.099065654
-0.0943310112
-0.380625874
-0.0371320359
0.0684741139
-0.195937842
-0.100578547
0.0706899166
-0.0842508003
-0.16235058
0.530521452
-0.00415525492
-0.17062436
-0.138252497
0.0817805231
-0.0249254592
0.157983497
0.134451941
-0.000282084162
-0.0397135988
-0.178520665
-0.0120120039
-0.214826182
0.0560972206
-0.095431067
-0.0964577124
0.0202592593
-0.0895045251
-0.0936193466
0.0837291032
0.603463233
-0.291066498
-0.314205378
0.0436319113
-0.353137851
-0.264153868
0.0122757079
-0.102794811
-0.104077756
-0.0654692203
0.157955661
0.270362496
0.409874767
-0.048456762
0.146358237
0.0745946988
0.0121031012
-0.156656519
-0.0114152711
-0.124014579
0.115154758
0.162694857
-0.0258468818
-0.165964976
0.152105331
0.0781376213
-0.114668481
-0.165266365
-0.134989873
-0.120933115
0.0902553722
0.195842683
0.46566242
-0.0125199491
-0.0971680954
0.139889777
-0.293548554
-0.293817669
-0.0194844883
0.262488782
0.0919431075
-0.103127331
-0.0366910957
0.320571214
0.659528911
0.0456589535
0.0385875441
-0.0191118512
-0.156475902
-0.169792563
-0.128191367
0.0460054427
0.106413558
0.0687954277
0.139323249
0.0647600368
0.0998792052
-0.0972953662
0.187213928
-0.145017162
0.161636323
-0.0865937918
-0.120223492
-0.185222968
0.644209146
-0.482519358
-0.0723474473
0.178270817
-0.455007702
-0.0172247943
-0.164423838
-0.0761394277
-0.0293776505
-0.035421472
-0.199268803
0.200150684
0.398721457
0.173426747
0.0933132768
-0.0203211233
0.051198516
-0.124798328
0.0692675933
-0.185141951
-0.0810871646
0.228791893
0.0595514327
0.0519515909
0.0277012717
0.192813367
0.167161465
-0.00917080697
0.128742263
0.14017424
-0.120832555
0.181256935
0.483277082
-0.0706806257
-0.203699499
0.0941704214
-0.159094319
-0.0781166628
0.0961114243
0.0991748646
-0.141611323
0.000355415483
0.0104425792
-0.0888343155
0.472916096
0.0908692405
-0.210640371
0.0400572941
0.0514770299
0.134434834
-0.105286859
-0.120010249
0.0110582449
-0.0113907186
-0.139376804
0.0492007546
0.00104811648
0.0828859881
0.232351735
0.109680086
0.0856127664
-0.0441663004
-0.0177782476
0.300938368
0.456126302
-0.0613997132
-0.200006083
0.360894024
-0.0186567083
-0.325714856
0.0550148636
0.239504278
0.0139649538
-0.0233397409
0.150362208
0.358743995
0.346180439
-0.0734330118
0.113288723
-0.135679021
-0.144967213
-0.0962864235
-0.18148981
-0.000234017672
0.105162948
-0.0410551466
-0.0341886953
-0.0419792943
0.0945340097
-0.0674624443
0.162310809
-0.0813712627
-0.0891927034
-0.0396662876
0.159761921
0.193056598
0.448296636
-0.36303544
-0.226738289
0.0178785678
-0.387981266
-0.0568313263
0.142175332
0.181020126
0.00190601638
-0.0585896559
0.0123709179
0.24067615
0.665937901
0.0131727224
-0.0805326849
0.12098866
-0.00056337408
0.105454184
0.167870224
0.0843880624
0.0848467797
0.197421774
-0.108928114
-0.1483441
-0.00196361658
-0.092952475
-0.0859120339
0.0413935371
0.146799132
-0.166274309
0.0023791003
0.0252841692
0.618670046
0.364452779
0.150604293
-0.135638654
-0.37309739
0.120216347
-0.0773123056
-0.00717044994
-0.165260553
-0.100484975
0.149450362
-0.230538204
0.684321105
-0.10557685
0.0332299173
0.141918197
0.0975736305
-0.112945922
-0.0592568889
-0.0801610947
-0.0574695095
0.00988112763
0.172618255
0.0176502783
-0.101774044
-0.226795495
0.033371225
-0.0958781093
0.0721933395
0.132015869
-0.154454276
-0.243654296
-0.531918883
-0.18582575
0.08912047
-0.0891473293
0.224978372
0.373245537
0.020760458
0.0203447472
-0.0122185973
-0.17509155
0.0462940894
-0.125070617
-0.331737608
0.155900016
0.164877251
0.0483875908
-0.00895958021
-0.0191024281
0.0118414452
0.233320192
-0.220498785
-0.217553824
0.0512158014
-0.150264576
0.172210142
0.23795101
-0.0415533818
-0.0315346308
-0.186166078
0.143156707
-0.152985647
-0.198444143
0.623421371
-0.177987933
-0.000389742549
0.197991073
-0.0757907331
-0.193597972
-0.0889723971
0.104175255
-0.0942442343
-0.0502328202
-0.0362241641
0.200133249
0.375229567
0.0951287895
0.0900130719
-0.158106789
0.071010761
0.0820090026
0.0801484063
-0.158678859
0.128446043
0.207261875
0.180764213
-0.0426182561
-0.00772472518
-0.0343812406
0.221914738
0.0582668334
0.112099193
-0.0727259517
-0.0365069546
-0.0941172913
-0.640756786
0.0959715992
0.188267097
-0.07431788
0.413696289
0.0709138662
0.00132222823
-0.218048334
-0.145669863
-0.137274131
0.0334299877
-0.30196631
-0.349381924
-0.0179415401
-0.024349276
0.144237384
0.0456175134
-0.165864125
-0.0222747475
-0.06740807
-0.0611365959
-0.164580852
0.0686384439
-0.107874237
-0.193141103
0.0444642641
-0.00210534711
0.0700842887
0.066567935
0.11758174
-0.129297391
0.192262173
0.635118484
0.154690236
0.257825434
0.108926512
-0.139081582
-0.0294008628
-0.0970630646
0.161951065
-0.00095514342
0.101008236
-0.121812053
-0.115726806
0.408986658
0.0624925531
-0.201884642
-0.0652200878
-0.0952384174
0.0901327804
-0.136022821
-0.110576332
0.0887358636
0.046731174
0.0888356194
0.00820668321
-0.0196297597
-0.106155597
-0.248261899
-0.22866179
0.0371420532
-0.206818387
0.00863602571
-0.241768986
-0.135678992
-0.254214495
-0.0936243534
-0.114881933
-0.145244673
0.047842782
-0.110015847
-0.0938909948
0.0378908254
-0.0823194981
-0.141564876
-0.117584489
-0.172948971
-0.182787597
-0.110354044
-0.0732177868
-0.0616571307
-0.0160147697
-0.126137078
0.0684114993
0.109051399
-0.00393320154
0.0502107069
-0.203221008
-0.146220878
-0.240501642
0.0099383574
-0.116893642
-0.110620327
0.0441702306
0.00904449634
-0.285650462
-0.386556834
0.083329998
0.196782917
-0.196781024
0.425635308
0.0411224142
-0.142220423
-0.212769091
-0.105368234
-0.109650068
0.114641659
-0.0289044715
-0.65182662
0.158238485
0.074300319
-0.142606571
-0.117804661
0.00647495547
0.0511101745
0.0724837929
-0.11563094
-0.154601604
0.107670687
0.0621715523
-0.122164831
0.155814394
-0.0422016792
0.0377537161
-0.0803375542
-0.144827887
0.0475213379
-0.224519968
-0.55994004
-0.155883819
-0.0684443787
-0.164902091
0.166921064
0.125804469
-0.132771388
-0.165050149
-0.0988328606
0.0160323661
0.0876183435
-0.2491882
-0.447041214
0.0166198555
-0.0204733405
0.00189626508
-0.102964945
-0.165107757
0.0745474398
-0.0203913599
-0.16748637
-0.128027216
-0.0995628312
0.0312660187
0.0678384155
0.106994376
-0.0671495944
0.160007089
0.158532798
0.0131254336
0.0962532461
-0.123515993
-0.440771729
-0.0898108631
0.0153930075
-0.109055497
-0.220463648
0.14534916
0.0827246085
0.0116271209
-0.108707666
0.131474569
0.1263818
-0.260538369
-0.409590811
-0.201705098
-0.09189336
-0.0534906574
-0.0112781273
0.0857571959
0.0281471182
-0.166466534
0.122292407
-0.195861548
-0.00867228396
-0.21356684
-0.0954873115
0.0731678382
0.0486154146
-0.171136782
-0.1655588
-0.00411795313
-0.15719299
0.0819926038
0.686493397
-0.224561125
-0.149202466
-0.12934339
-0.294060737
0.0364257582
0.161262393
-0.156803191
-0.0523679741
-0.157479554
0.14915283
-0.0885596052
0.706820548
0.118496366
0.0692342892
-0.110451929
0.0404014029
-0.0582101531
-0.160145909
0.110499501
-0.156608745
-0.0566392653
-0.128592819
0.0624374337
-0.0624181703
-0.0811768696
0.05338303
0.0189329628
-0.00219543255
-0.135228679
0.170909345
0.0734905601
0.0311446823
0.161857948
-0.0850061998
0.25826779
0.158891499
-0.1115641
-0.0745071247
0.214167312
-0.0586294755
-0.249297529
-0.151909798
0.170575276
-0.00184398948
0.154431924
-0.199511707
0.0828155801
-0.18777898
0.0539371036
0.149368405
0.0457954295
0.098751381
-0.0519717708
-0.125848129
0.158112377
0.25291431
0.162852183
0.150583833
0.0527444817
-0.114665195
-0.0101011992
-0.213616848
0.0545607954
-0.541334927
0.127445057
0.12730892
-0.0352465361
0.349104702
-0.167828262
-0.0915647075
0.156566799
0.168108776
-0.0772481486
-0.048428338
0.049602963
-0.239310503
0.139787763
0.16152361
0.0050549428
-0.0595551729
0.0186930094
-0.076958105
0.19703573
0.0406878665
-0.0645476431
0.0118149249
0.0387044623
0.216889799
0.164541155
0.103395835
-0.0686246902
0.18200469
0.189309016
-0.0567183867
0.00337183545
-0.304574311
0.223046184
0.0986992568
0.132285073
0.119722471
-0.0103800623
0.148410797
0.136356294
0.0281549282
-0.0178006329
-0.0132919783
0.226962373
-0.161559641
0.0623940267
-0.00189677335
0.16388607
0.0162087772
-0.0425698981
0.106692664
0.186764494
0.0775609389
0.0897403806
0.16402258
0.127450392
0.171680123
0.0605383813
0.108006313
0.20946981
0.170250192
-0.123509139
-0.0610642433
0.0132732131
0.516177595
-0.34300217
-0.0224063061
0.219671786
-0.2250631
-0.226103052
-0.00117728312
-0.2377529
-0.083409965
0.228384316
0.0737965107
0.351413071
0.555371523
-0.171793252
0.0761766881
0.195733711
0.181638554
-0.0758598819
0.0291190464
-0.00833092909
-0.131456807
-0.0260719061
0.00503054913
-0.126609892
-0.278779864
-0.103947088
0.0388965048
-0.0852231905
-0.0471563227
-0.00465229852
0.167035297
-0.395516634
-0.397200942
-0.165092736
-0.245651156
-0.225981638
0.195806012
0.163280442
-0.151143
-0.0485418513
0.100122571
-0.0332099535
0.000820891059
-0.0789745748
-0.522912145
0.0766994804
0.13566114
0.00241958583
-0.205752298
-0.089991264
0.140120178
-0.0885021314
0.0759362653
0.044971019
0.0842199773
-0.0231682397
0.264858067
-0.0112467026
-0.055556085
0.0387313515
-0.0560450181
0.1106029
-0.0018265082
-0.19219552
-0.528156757
-0.0180407204
0.1803938
-0.0176030193
0.092969209
-0.0313305967
-0.0789767727
-0.288355321
0.144058034
-0.188621759
0.1316645
-0.214262992
-0.695204198
-0.0647444874
0.153289109
-0.00187361636
0.186792925
-0.0869179666
-0.0049072369
-0.0880596712
-0.0749138594
-0.0326963775
0.132222861
-0.110926576
0.0918900669
-0.185741097
-0.174296826
0.0727416053
-0.124822885
0.0913930461
0.0943167135
-0.27871123
-0.312659532
-0.02793804
0.0197155587
-0.0525226332
0.375516713
0.230217084
0.080865182
0.101261124
0.0778350085
-0.228837088
-0.0338973105
-0.141923234
-0.422364622
-0.0305729229
-0.0740858614
-0.05655111
-0.0839093775
0.0124703655
-0.0810047537
0.0351816453
-0.0647216365
-0.157859102
0.145768479
0.0360188372
0.173904583
0.0292689968
0.106648795
0.0786607862
-0.0734023377
-0.0173841845
0.0558635332
0.253564298
-0.693827748
0.421194524
-0.0408518724
-0.0854304805
0.258804142
-0.167420566
-0.0075445557
0.331549555
-0.0931458101
0.0177857969
-0.020771198
0.203879505
-0.741917312
0.105667844
-0.0633181781
-0.196617976
-0.0683092773
0.0798662677
-0.0924947411
-0.232681811
0.090927355
-0.191239581
0.0296690557
-0.063726306
0.0814250186
0.189224824
0.0281371437
0.119983934
0.00663866475
0.0269158408
0.0715626329
0.182884306
0.65121752
0.0651049837
0.152313203
-0.0505711436
-0.223266423
0.135219127
0.105975062
0.0642727539
0.0824815705
-0.0608858392
-0.0344744287
-0.0420823507
0.631552815
-0.0281788167
-0.130498588
0.12663953
-0.141810685
-0.0426032059
0.151831001
0.0609289035
-0.0654610619
0.0861979201
0.0145500861
0.0518566035
-0.239241749
-0.146570578
-0.178459227
0.108190015
-0.177607119
0.130540684
-0.0221086703
-0.0764836147
-0.00758245494
0.139920175
-0.0550420471
-0.117017664
-0.158202857
0.141610116
-0.0169103649
-0.0927230865
0.213867322
-0.160515219
0.0575970262
0.145028457
0.152849153
0.0941961706
-0.110402271
-0.11737296
-0.168230087
0.0581951886
-0.0759000331
0.150555
0.0411844477
0.171970323
0.107361436
0.131927744
0.0399292596
-0.0693516955
0.0357027389
-0.0952323228
-0.121167175
0.029071521
-0.19409962
0.0936245844
-0.0472265743
-0.057730753
0.135788277
0.0747602358
0.00648979517
0.0955419242
0.133535311
0.0839468911
0.118337564
0.0252793971
0.127776369
-0.180228278
0.121610209
0.0284359008
-0.0862126574
0.145535409
-0.0720205307
-0.155705258
0.0587403029
-0.13129884
-0.023692023
-0.0534527451
0.0407302491
0.150425315
0.104824021
0.00659859041
-0.0404132195
0.177228868
0.0116246911
0.116100296
-0.125139773
0.0626902133
0.506627023
-0.340528995
0.199779406
0.159594253
0.136486948
0.278577089
0.118992589
0.130105838
-0.0663498417
0.0844701082
-0.337196827
-0.492048442
0.14634788
-0.510081708
-0.21374391
0.420617521
0.113414496
0.359158874
0.269511551
0.415326774
0.353395224
0.348663181
0.404923588
-0.437353045
0.163545296
-0.355549961
-0.0786640123
-0.345304102
0.368471563
0.428063691
-0.0187509526
0.376716226
-0.202244177
-0.354868054
-0.296925157
0.270341516
-0.262822837
-0.154510036
-0.395088941
-0.255203843
-0.294837087
-0.495227873
-0.132994756
-0.332770228
-0.332936436
0.469569713
-0.364081681
0.18488574
0.0285958201
-0.0758284479
0.252478987
0.0520565435
0.056853734
-0.384050727
-0.016975753
0.115538634
0.01108116
-0.51201731
0.393024147
0.20855546
0.33394587
0.426540881
-0.308236212
0.0304136556
-0.0239444599
0.048370555
0.1457894
0.0595331118
-0.0224396195
0.0302668624
-0.0406856164
-0.0446525626
0.0734775886
0.00139508687
-0.0398399346
-0.0519883074
-0.0862127319
0.0970412344
-0.00827703904
-0.0464093387
-0.00432518637
0.11401087
-0.0590933636
0.195650041
-0.0493328683
0.0460451469
0.0302874222
-0.00672649546
-0.0936994925
-0.089818418
8.62423985e-06
-0.104046136
0.127995342
0.170202672
0.0869591087
0.0551639758
-0.177627996
-0.0390735604
-0.171030849
0.162254885
-0.00411442807
0.0369799212
0.0708328858
-0.024165066
0.0539236963
-0.312896043
-0.14434287
-0.00367306266
-0.161027461
0.355675876
0.0633081496
-0.00597474724
-0.0455221385
-0.0180242378
0.144297943
0.13914746
-0.00903119706
0.0603306405
0.0184886325
0.103911139
-0.0528081469
-0.133805886
0.237575322
0.0422939397
0.147080317
0.0167304911
-0.0876688957
0.00231407327
-0.229600802
0.162787735
-0.116581753
0.0767923668
0.0613235384
-0.0292597469
-0.0346719585
0.15209572
0.0244517643
-0.00194974674
-0.145927399
0.126095846
0.0246338826
0.145937249
-0.254476368
0.0339073278
-0.113609023
-0.149366483
-0.11882294
0.303847551
-0.124646626
0.0432576947
0.162858084
0.157772899
0.119915754
-0.00775233097
0.0352505073
-0.147244692
0.145026848
-0.1111077
-0.104176462
-0.0903069004
-0.141639307
-0.00614491012
0.225016311
-0.00410083262
-0.0232958347
-0.0486568436
0.108161382
-0.0302455109
0.0793300495
0.101306051
0.143792227
-0.055626709
-0.181781203
-0.0774070248
0.0345175415
-0.0022979232
-0.0640807003
0.0569790713
-0.0366461985
-0.101612873
-0.0415809155
-0.048054859
-0.126764834
-0.00567240687
-0.0321529098
0.223568037
0.077115424
-0.0505633168
-0.0585535355
0.033470545
-0.204128534
0.107003465
-0.193268046
-0.0471453965
0.0927938074
0.0182736125
-0.133147418
0.0869040564
-0.0237117372
0.0103820693
0.0337242596
-0.0419955254
0.0913878456
0.207999095
-0.0855605602
0.121694863
-0.0538985878
-0.0499385968
0.0673099831
-0.190899745
-0.142454371
-0.0562799983
-0.0904956982
-0.145615563
-0.197509483
0.167897746
0.0565779656
0.0697201043
-0.0677947178
-0.089831844
0.0520487018
-0.0659559593
0.0686484799
-0.0506133921
0.101822928
0.146469697
0.0385874882
0.00747091696
0.168320358
0.0330312699
0.0774715096
-0.081478022
0.110407397
0.0699676797
-0.0406572595
-0.00502779754
0.0156900734
0.149703264
0.0234811474
0.00530897034
-0.00199658005
-0.0815873891
0.03076813
-0.0595932938
0.0564323738
0.00725063635
0.112813763
0.0918395221
-0.142194659
-0.032826893
0.0963433608
0.101982698
0.114859402
-0.136015877
0.0865154192
-0.0160924792
-0.457886785
0.057703536
-0.149757057
-0.0982795805
-0.284998357
-0.430178672
-0.109660313
-0.230118975
-0.0859396905
0.0290350914
0.505620718
0.476182103
-0.093495518
0.404081613
0.307192117
-0.311591238
0.0419008508
-0.324989557
-0.271462798
-0.487341493
-0.279895365
-0.228649467
-0.309591353
0.386091292
-0.195756346
0.457852453
-0.100858256
0.436807781
-0.415806949
-0.366227776
-0.107489601
-0.311032206
0.219986796
0.436035454
0.212808505
-0.324444622
0.222999021
0.386335611
0.190662876
0.195001975
0.152218491
0.501555979
0.1393511
0.144428223
0.371355712
-0.419753581
0.167810038
-0.145066425
0.292307436
-0.0882027298
-0.146229893
-0.13204053
-0.0979181528
0.206260279
0.00401096186
-0.0827348977
-0.0271644872
0.390898317
-0.437377512
-0.288561404
-0.371518821
-0.208834872
0.418425202
0.124909379
0.00834991783
0.00666680234
0.174741074
-0.0997525826
-0.157707483
0.0262094475
0.226479128
-0.0979995951
0.139562681
0.237832963
0.0721536279
-0.104360372
-0.0625157505
-0.0517721623
-0.0151043721
0.162749171
0.0271313079
-0.0242136978
-0.192004591
-0.0970539823
-0.0977066308
-0.175705552
-0.176965788
-0.179135829
-0.0252152402
0.117533416
0.233973116
0.0106430724
-0.0535214096
0.135644168
0.180275768
-0.0587992854
-0.0369928852
0.21275416
-0.109583981
-0.153822169
0.217976958
0.186341658
-0.0530438386
-0.0819299892
0.0219557509
0.0543943197
-0.254650414
-0.136624321
0.126020715
-0.038315583
-0.224753931
0.08984413
0.228316769
0.0367220826
0.0758638009
0.0269796047
0.105241224
0.0389744006
-0.102886282
-0.198666126
-0.203603014
0.108379833
0.129371509
0.0103102177
0.183648959
-0.0864473507
0.13408573
0.0403720066
-0.27943486
0.0222529974
0.186121479
0.0620034263
-0.0512311608
-0.0566133484
-0.147960767
-0.128637657
-0.271266103
0.00587409362
0.0375011228
-0.191532522
-0.0886369571
-0.27051571
0.053733103
0.174042016
-0.0360106267
-0.0537589975
0.0403512381
-0.00355893583
-0.365780264
-0.139744341
-0.0206276812
-0.150990799
-0.0583540127
0.248512059
-0.0818769857
0.114
0.0556490384
-0.144626468
-0.0748625919
-0.0145362448
-0.0252483692
0.169813991
-0.089095436
-0.149583429
0.155618757
0.222736314
-0.0906122327
-0.244825274
-0.0306611825
-0.0964196101
-0.288001418
-0.112833716
0.188515797
0.121641904
-0.0550566278
0.136697382
0.0201040488
0.0260966122
0.232851595
0.00736737531
0.100538947
0.124422103
-0.166099176
0.0630532876
-0.0430669598
-0.226398408
0.218972117
0.231402308
0.120344527
-0.244088456
0.154642746
-0.167453811
0.0569521151
0.120579518
-0.198994368
0.156022117
0.229240134
0.11851643
0.014986502
-0.0143101038
-0.065391168
-0.0668704286
-0.0135680791
0.252208859
0.106004395
0.251724541
-0.117064424
-0.150057003
-0.17643024
-0.0207793545
0.0226237066
0.0386938341
0.340765953
0.0903978348
0.0320558511
0.00206417358
0.262725145
-0.155081704
-0.0523618981
-0.131495848
0.108882591
0.00809503719
-0.130286679
0.00458876789
0.168512955
-0.140799209
0.202841833
-0.000729768071
-0.220037177
-0.140049696
0.140276492
0.177598
0.0425095446
0.0748481154
0.188389733
0.2404259
-0.214723825
-0.155006066
0.070063509
-0.181296274
-0.104252003
-0.117695227
-0.182220861
-0.130817756
-0.118197061
-0.0229205806
0.0777275562
0.180089414
0.0679319054
0.0474412143
-0.127732426
-0.0191650186
-0.235149994
0.0283445716
-0.183554888
0.0584791414
-0.00919651613
-0.0808625892
0.206450358
-0.142235354
-0.232092708
0.186402589
0.152581409
-0.227783933
0.0973813385
0.0785836875
0.161673605
-0.100979358
-0.120022081
-0.101238519
0.160765439
0.160734385
0.211218596
0.00316003431
-0.17392996
-0.0899715945
0.0843969658
-0.203617275
-0.0914058983
-0.0633335933
-0.0408288874
0.0745945871
0.193034455
0.150805816
-0.0952795371
0.0251055658
0.0582603626
-0.0767009407
-0.16336149
0.0948848054
-0.192897737
-0.152597025
0.150880858
0.084336251
-0.0430102944
-0.200787932
-0.101463832
0.0524282679
-0.247847795
0.0055455775
0.044683326
0.0692118928
-0.085005261
0.07417202
0.280139625
0.186055273
0.182998583
0.174244612
0.21906957
0.123771295
-0.190019086
-0.169208825
-0.181943446
0.0661287829
0.188152
0.0284577738
-0.0387510471
-0.0450573601
0.161268935
-0.2908158
-0.0243733004
0.133304611
-0.0158285461
0.0725077018
0.178165853
-0.220434785
-0.159034297
0.120370448
-0.163772076
-0.0774618462
-0.167916164
0.0987463966
0.141556129
-0.00496876845
0.0545910373
-0.201942831
-0.0616726577
-0.0240881927
0.188729644
0.0523662493
-0.0618566684
0.203050926
-0.00620482769
0.124200694
0.16323486
-0.0196437407
-0.154400185
0.0428102762
-0.0145429503
0.0329733714
-0.188819274
0.159697548
0.151936188
-0.222431958
0.115609691
0.143557847
-0.143878743
-0.227375776
0.164328933
0.110172585
0.204759821
0.0884213224
0.19323194
0.0128115099
-0.155384615
0.139906719
0.130030036
-0.204378396
-0.187704861
-0.168614417
-0.163601413
-0.155700818
-0.06926433
-0.212853715
-0.00766838202
0.199092612
0.119329773
-0.0972476304
-0.172372892
-0.0118247475
-0.120632052
0.139716774
-0.106086649
0.297211498
0.188368261
-0.121070661
0.129266366
-0.0768473148
-0.226854622
0.183539048
0.145096779
-0.202086002
0.0847390443
0.116317041
-0.0109364986
-0.193053439
-0.118943304
0.0606829189
0.000884917623
0.169836223
0.234589309
0.138690889
-0.0817324147
0.0147862434
0.00588281685
-0.178665891
-0.0416863076
0.00106363383
-0.188004494
0.179151252
0.0286921524
0.113485523
-0.0725873485
0.0707672909
0.141926482
-0.0782811418
-0.22820653
0.233709008
0.0258948915
-0.0677191317
0.17328538
0.254409701
-0.0153897833
-0.0270821266
-0.0392688848
-0.0874290764
-0.0898169354
-0.174857274
0.210275203
-0.00281023374
-0.0961877406
0.221292526
0.238344207
0.219008714
0.20589523
0.150882348
0.206330687
0.18145147
-0.050075762
-0.0260174889
-0.108719103
0.0257462598
-0.0114939939
0.19505167
0.0358974077
-0.0248909406
0.19331418
-0.1773206
-0.40623945
0.1899416
-0.226075739
0.195438176
0.00561171817
-0.223356277
0.0465082675
0.0924378932
-0.458589256
-0.0307833962
0.21532172
0.146156073
0.0340912081
-0.0832521543
-0.27577278
-0.249680683
-0.100233056
-0.192144185
-0.05400699
0.116151601
-0.396572262
-0.0191604532
0.30824995
0.067723386
-0.0613848828
0.154668435
-0.0129081346
-0.207942545
0.323545039
-0.0870190561
-0.0967324898
0.19100979
0.0978159904
0.0523202345
0.0133270202
0.317728192
-0.0760265663
-0.109793417
-0.0665100962
0.0861223638
0.100600027
0.133928433
0.0951126739
-0.0429614671
-0.159028456
0.202974111
0.177868277
-0.140267208
-0.189816535
-0.0529930219
0.10763263
-0.0924200714
-0.151416406
-0.143598095
0.299896896
0.0507908277
0.0935729444
-0.356215924
0.21419993
-0.164305225
0.225259334
0.137468114
-0.277041018
0.0483630225
0.507196546
-0.160574049
0.0906124189
-0.00364025356
-0.102129348
0.244476706
0.0180204939
-0.3194713
0.324037731
-0.0308711249
-0.208952978
-0.0644656494
-0.174368918
0.0679648817
0.160225913
0.15408963
0.110599957
0.254265785
-0.169315308
-0.1483441
0.304494381
-0.197135001
-0.212507114
-0.096535027
-0.0186384059
-0.194514871
0.0646847114
0.273228794
-0.322441638
0.268469542
-0.0528336726
-0.00980057381
-0.125825658
0.046140857
-0.105284303
-0.274611235
0.0918239877
0.145306349
-0.0657325611
-0.00602190243
-0.081417188
-0.142184973
0.0326360017
-0.044420056
0.131004587
-0.191210777
-0.231722593
0.00918377656
0.135771334
0.157292753
0.0878685638
-0.028004434
0.0698541626
0.0662637353
-0.160656497
-0.181541488
-0.0867129043
0.17813547
-0.226485208
0.0633872077
-0.210116208
-0.155393928
0.332827032
-0.266679555
-0.0451415628
0.202730909
-0.0498935021
0.115462095
-0.0060470351
-0.132643685
-0.120830894
0.132652849
-0.119934671
-0.220357716
-0.107025497
0.06135647
0.0106627615
0.168837428
0.0145841511
-0.0192660894
-0.195482641
0.0359861031
0.0742142349
-0.0633191541
0.0358590633
0.111790754
0.102746129
0.0291031748
0.105739132
-0.0589860193
-0.214812145
-0.041050721
-0.04714147
-0.104129881
-0.174333408
0.0530459769
0.0187422503
-0.111074768
0.0328937881
0.0157042947
-0.244738027
-0.189552501
0.206739902
0.0599616282
0.074556008
-0.0798191577
0.188043684
0.179407477
-0.0175443143
-0.00042556398
0.0544880815
-0.133297369
-0.0868129507
-0.087013334
-0.191058084
0.00452829897
-0.146330357
-0.165553838
0.103883572
0.139324784
0.191918954
-0.191642866
-0.113820784
-0.149637043
-0.0816334039
0.103170611
-0.172002271
0.0434286445
-0.00850559399
-0.0278507285
0.19369024
-0.212075233
-0.153791085
0.0672238916
0.0525667667
-0.227500975
0.135742635
0.260012478
0.0649843961
-0.0847778395
-0.251226276
0.051484827
0.13982895
0.174887553
0.197970673
0.176931456
-0.121329583
0.016205281
0.0244240444
-0.172389656
-0.0131893745
-0.0206024107
-0.0870540962
0.0932207778
0.140783325
-0.0363629609
-0.111674666
-0.00901796017
0.0398050062
-0.084295474
-0.227131143
0.178018361
-0.17145364
0.00533551257
0.0841045976
0.232307106
-0.181485474
-0.0958233327
-0.00503253331
0.052403152
-0.152626514
-0.0799595714
-0.0216552932
0.0826922208
-0.15455997
0.0835290626
0.190899119
0.093328312
0.123180717
0.18691352
0.239101395
0.0830563605
-0.00706032338
-0.157467529
-0.0500322469
0.105530277
-0.0055330079
0.131557092
0.106914967
-0.0208720434
0.0260403026
-0.253573328
-0.00768734422
0.0865500718
-0.133941963
0.173527837
0.113201246
-0.211502045
-0.156025231
0.104680777
-0.249611422
-0.281309247
-0.0396107472
-0.00295470515
0.12961176
-0.00872807484
-0.102195233
-0.0101567376
-0.0984077603
0.042581711
0.218868583
-0.000354502845
0.131239414
0.0839246586
0.117888719
0.17528455
0.17462799
-0.00727321999
-0.0939038694
-0.0188982487
0.0143999625
-0.133016363
-0.161965698
0.124686517
0.207263008
-0.186245158
0.0900258273
0.0957759395
-0.0273055471
-0.261878282
0.16922085
0.205280989
0.185097411
-0.0876621231
0.0260752346
0.191363886
-0.192880362
0.0592335388
0.101958156
-0.192839414
-0.218451977
-0.169327572
-0.163370535
-0.0634725094
-0.220515355
-0.0883518532
0.19043158
0.179398537
0.136029333
0.0125785107
0.0138195455
-0.186057448
-0.111338526
0.00273989234
-0.118847512
0.129579186
0.114730515
0.0248934962
0.0257086381
-0.0112782856
-0.214791358
0.169291571
0.144767165
0.0063857045
0.278740883
0.210438296
-0.0293894503
-0.0762366578
-0.232748136
0.0464727171
-0.036699865
0.0623651929
0.163138092
0.0869738981
-0.215390116
0.0694119111
-0.0774651989
-0.0370685011
-0.0333874002
-0.176286414
-0.0584307611
0.125944361
0.240845859
0.00686449604
-0.19621177
0.147937164
0.164666519
0.0243668538
-0.148015589
0.0393710323
0.0017206741
-0.0879848301
0.0307097975
0.156711534
-0.122232959
-0.0830754116
-0.119438715
0.0253212079
-0.119121574
-0.180130377
0.0477593392
-0.111791819
-0.208594233
0.216142833
0.251639575
0.218827993
0.0602585226
0.00235997047
0.0753299668
0.0983972326
-0.0689617693
-0.128458604
-0.101725124
-0.0201144982
0.17286627
0.0240680091
-0.0598600283
-0.163880944
0.176803559
0.066998519
0.189474255
-0.127933472
0.167236254
-0.21266897
-0.177963063
0.212347761
0.136305675
-0.0823629647
0.11554753
0.251501948
0.0194337778
-0.0147184366
-0.124783531
-0.00927000027
0.13457796
0.000741001219
-0.00382505404
-0.018053811
-0.180275172
0.067312628
-0.155328587
-0.0940610394
0.0407745838
0.00340777077
-0.000150807449
0.109053314
0.0314281695
-0.0066114841
0.0467478372
-0.0510167368
0.231209815
-0.0999758393
-0.0206481218
0.207307041
0.00460204668
-0.131636664
0.134172842
0.261751205
-0.141963989
-0.201174989
-0.182336122
-0.0156267062
-0.0790850595
-0.149014801
-0.0047106063
-0.00789534021
-0.171199813
0.094891496
0.170158476
-0.00831522886
0.0776580721
0.156264663
0.220773458
0.142859519
-0.0156932883
-0.0575603284
0.0260201152
0.121322148
0.0389080122
0.195933983
0.163388297
-0.0395191573
0.06317956
0.0763146728
-0.0326168053
-0.0261295475
-0.0399206392
-0.0961371064
-0.134651661
-0.0341836698
-0.0388546921
0.00573711842
0.154810756
-0.0258022249
0.0621389635
-0.0842362046
0.0932885781
-0.198477477
0.0632269457
-0.147279993
-0.0205548573
